3.8157e-29
6.39872e-07
1.02318e-05
5.17467e-05
0.000163316
0.000398001
0.000823472
0.0015216
0.00258793
0.00413113
0.00627226
0.00914405
0.01289
0.0176634
0.0236266
0.0309493
0.039808
0.0503844
0.0628643
0.0774358
0.0942885
0.113611
0.135592
0.160413
0.188254
0.219287
0.253675
0.291572
0.33312
0.378448
0.427671
0.480886
0.538173
0.599594
0.66519
0.73498
0.80896
0.887103
0.969358
1.05565
1.14587
1.2399
1.33758
1.43874
1.54315
1.6506
1.76083
1.87355
1.98847
2.10525
2.22356
2.34302
2.46326
2.58387
2.70445
2.82457
2.94381
3.06173
3.17789
3.29185
3.40316
3.5114
3.61614
3.71695
3.81344
3.90521
3.99189
4.07312
4.14858
4.21795
4.28096
4.33736
4.38691
4.42944
4.46477
4.49279
4.51339
4.52653
4.53217
4.53032
4.52104
4.50439
4.4805
4.44948
4.41154
4.36685
4.31566
4.25821
4.19479
4.1257
4.05125
3.97178
3.88765
3.79923
3.70688
3.61098
3.51194
3.41014
3.30596
3.19981
3.09207
2.98312
2.87333
2.76307
2.65269
2.54253
2.4329
2.32413
2.21651
2.1103
2.00576
1.90314
1.80265
1.70448
1.60882
1.51582
1.42562
1.33834
1.25408
1.17292
1.09492
1.02013
0.948578
0.880273
0.815214
0.753387
0.694761
0.639297
0.586942
0.537634
0.491303
0.44787
0.407249
0.369348
0.334072
0.301318
0.270984
0.242963
0.217147
0.193426
0.171692
0.151836
0.13375
0.117327
0.102463
0.0890559
0.0770066
0.0662184
0.0565985
0.0480574
0.0405091
0.0338718
0.0280675
0.0230221
0.0186658
0.0149327
0.0117608
0.00909229
0.00687316
0.00505323
0.00358603
0.00242866
0.0015417
0.00088905
0.000437753
0.000157881
2.23539e-05
6.78708e-06
8.93248e-05
0.000250481
0.000472981
0.000741601
0.00104302
0.00136565
0.00169955
0.00203619
0.00236842
0.00269027
0.00299689
0.00328436
0.00354967
0.00379055
0.00400544
0.00419334
0.00435379
0.00448674
0.00459254
0.00467184
0.00472557
0.00475484
0.00476096
0.00474533
0.00470948
0.00465498
0.00458344
0.0044965
0.00439577
0.00428286
0.00415934
0.00402671
0.00388646
0.00373997
0.00358857
0.00343354
0.00327604
0.00311719
0.00295802
0.00279948
0.00264243
0.00248768
0.00233595
0.00218788
0.00204404
0.00190494
0.00177102
0.00164266
0.00152015
0.00140374
0.00129364
0.00118997
0.00109282
0.00100222
0.000918159
0.000840594
0.000769432
0.000704551
0.000645805
0.000593023
0.00054602
0.000504604
0.000468583
0.000437774
0.000412011
0.000391159
0.000375122
0.000363856
0.000357385
0.000355808
0.00035932
0.000368225
0.000382949
0.00040406
0.000432281
0.000468506
0.00051382
0.000569509
0.000637079
0.000718268
0.000815061
0.000929698
0.00106469
0.00122282
0.00140715
0.00162103
0.00186809
0.00215226
0.00247773
0.00284895
0.00327066
0.00374781
0.00428557
0.00488933
0.00556463
0.00631716
0.0071527
0.00807711
0.00909625
0.010216
0.0114421
0.0127802
0.0142358
0.0158141
0.0175202
0.0193585
0.0213332
0.0234481
0.0257062
0.0281103
0.0306621
0.0333629
0.036213
0.0392121
0.0423588
0.0456508
0.049085
0.052657
0.0563615
0.0601921
0.0641412
0.0682002
0.0723591
0.076607
0.0809315
0.0853193
0.0897557
0.0942251
0.0987104
0.103194
0.107656
0.112078
0.116437
0.120712
0.124881
0.128919
0.132803
0.136508
0.140009
0.14328
0.146296
0.149032
0.151461
0.153559
0.155301
0.156664
0.157623
0.158158
0.158247
0.157873
0.157017
0.155666
0.153807
0.15143
0.148531
0.145105
0.141154
0.136684
0.131705
0.126232
0.120286
0.113894
0.107088
0.0999094
0.0924044
0.0846283
0.0766441
0.0685234
0.060347
0.0522051
0.0441978
0.0364354
0.0290389
0.0221403
0.0158826
0.0104205
0.00592037
0.0025604
0.000530659
3.31968e-05
0.00128193
0.00450254
0.00993222
0.0178194
0.0284233
0.0420135
0.0588692
0.0792786
0.103538
0.131951
0.164826
0.202479
0.245227
0.29339
0.347288
0.407241
0.473565
0.546571
0.626564
0.713838
0.808679
0.911355
1.02212
1.14122
1.26886
1.40523
1.55051
1.70483
1.86831
2.04101
2.22298
2.41423
2.61471
2.82436
3.04306
3.27064
3.5069
3.75157
4.00437
4.26494
4.53288
4.80775
5.08904
5.37623
5.66871
5.96585
6.26697
6.57136
6.87825
7.18684
7.4963
7.80577
8.11436
8.42114
8.7252
9.02556
9.32129
9.61139
9.89491
10.1709
10.4383
10.6963
10.944
11.1803
11.4045
11.6156
11.813
11.9958
12.1634
12.315
12.4501
12.5681
12.6686
12.7511
12.8153
12.8609
12.8877
12.8956
12.8845
12.8545
12.8056
12.738
12.6521
12.548
12.4262
12.2871
12.1313
11.9594
11.772
11.5698
11.3535
11.124
10.8821
10.6286
10.3646
10.0909
9.80857
9.51849
9.22168
8.91916
8.61192
8.30096
7.98727
7.67182
7.35557
7.03945
6.72438
6.41122
6.10082
5.79398
5.49147
5.194
4.90225
4.61684
4.33834
4.0673
3.80417
3.54938
3.3033
3.06625
2.83849
2.62025
2.41168
2.21289
2.02397
1.84494
1.67577
1.5164
1.36675
1.22666
1.09597
0.974481
0.861961
0.758157
0.662787
0.575554
0.49614
0.424214
0.359432
0.301439
0.249875
0.204372
0.164564
0.130079
0.10055
0.0756131
0.0549085
0.0380838
0.0247948
0.0147068
0.00749612
0.00285064
0.000471141
7.18861e-05
0.00138129
0.00414245
0.00811349
0.0130679
0.0187947
0.0250984
0.031799
0.0387321
0.0457483
0.0527133
0.0595072
0.0660244
0.072173
0.0778744
0.0830626
0.0876835
0.0916948
0.095065
0.0977727
0.099806
0.101162
0.101846
0.101871
0.101257
0.100029
0.0982193
0.0958638
0.0930032
0.0896817
0.0859468
0.0818481
0.0774374
0.0727677
0.0678929
0.0628673
0.0577449
0.0525793
0.0474231
0.0423274
0.0373417
0.0325131
0.0278866
0.0235044
0.0194056
0.0156262
0.0121988
0.0091524
0.00651229
0.00429989
0.0025327
0.00122423
0.000383991
1.74587e-05
0.000126132
0.000707578
0.00175552
0.00325993
0.00520721
0.0075803
0.0103589
0.0135197
0.0170364
0.0208804
0.0250205
0.0294238
0.0340553
0.0388789
0.043857
0.0489515
0.0541238
0.0593347
0.0645457
0.0697185
0.0748154
0.0797999
0.0846369
0.0892927
0.0937357
0.0979361
0.101867
0.105502
0.10882
0.111802
0.114431
0.116692
0.118575
0.120073
0.121182
0.121898
0.122224
0.122164
0.121725
0.120916
0.11975
0.118241
0.116405
0.114261
0.111829
0.10913
0.106188
0.103026
0.0996694
0.0961426
0.0924714
0.0886813
0.0847978
0.0808457
0.0768495
0.0728328
0.0688184
0.0648277
0.0608812
0.0569979
0.0531951
0.0494888
0.0458934
0.0424214
0.0390837
0.0358895
0.0328464
0.0299602
0.0272351
0.0246737
0.0222772
0.0200452
0.0179763
0.0160675
0.014315
0.012714
0.0112587
0.00994266
0.00875891
0.00769993
0.00675792
0.00592486
0.00519266
0.00455324
0.0039987
0.00352138
0.00311397
0.00276961
0.00248196
0.00224527
0.00205444
0.00190508
0.00179355
0.00171699
0.00167334
0.00166137
0.00168065
0.00173158
0.00181536
0.00193398
0.00209019
0.00228744
0.0025299
0.00282236
0.00317019
0.00357934
0.00405621
0.00460764
0.00524085
0.00596335
0.00678293
0.00770755
0.00874532
0.00990444
0.0111931
0.0126196
0.0141919
0.0159181
0.0178062
0.0198637
0.0220982
0.0245169
0.0271267
0.0299345
0.0329465
0.0361689
0.0396076
0.0432681
0.0471557
0.0512753
0.0556317
0.0602293
0.0650725
0.0701653
0.0755117
0.0811155
0.0869803
0.0931097
0.0995073
0.106177
0.113121
0.120344
0.12785
0.135642
0.143724
0.1521
0.160773
0.169749
0.179031
0.188624
0.198532
0.20876
0.219313
0.230195
0.241411
0.252965
0.264863
0.277107
0.289704
0.302655
0.315964
0.329635
0.343669
0.358067
0.37283
0.387958
0.403449
0.419299
0.435506
0.452062
0.46896
0.48619
0.503742
0.521602
0.539754
0.558179
0.576857
0.595765
0.614875
0.63416
0.653587
0.673121
0.692723
0.712353
0.731967
0.751517
0.770953
0.790222
0.809268
0.828032
0.846454
0.86447
0.882014
0.899021
0.915421
0.931146
0.946124
0.960286
0.973561
0.985879
0.997171
1.00737
1.01641
1.02423
1.03078
1.03598
1.0398
1.04218
1.04308
1.04246
1.0403
1.03657
1.03125
1.02433
1.01581
1.00569
0.99398
0.980703
0.965886
0.949564
0.931782
0.91259
0.892047
0.87022
0.847181
0.823011
0.797796
0.771628
0.744603
0.716824
0.688396
0.659428
0.630031
0.600319
0.570406
0.540408
0.510439
0.480611
0.451037
0.421825
0.39308
0.364903
0.337391
0.310634
0.284718
0.25972
0.235713
0.212759
0.190915
0.170229
0.15074
0.13248
0.11547
0.0997246
0.0852484
0.0720379
0.0600811
0.0493579
0.0398402
0.0314924
0.024272
0.0181294
0.0130091
0.00885013
0.00558627
0.00314708
0.00145845
0.000443325
2.2433e-05
0.000115073
0.000639896
0.00151572
0.00266234
0.00400137
0.00545707
0.00695721
0.00843388
0.00982435
0.0110719
0.0121266
0.0129461
0.0134967
0.0137535
0.0137019
0.0133377
0.012668
0.0117122
0.0105017
0.00908167
0.00751048
0.00586081
0.00421983
0.00268957
0.00138721
0.000445262
1.16884e-05
0.000249961
0.00133899
0.00347298
0.00686119
0.0117275
0.0183102
0.0268609
0.0376445
0.0509375
0.0670281
0.0862141
0.108802
0.135107
0.165447
0.200149
0.239538
0.283942
0.333688
0.389098
0.450488
0.518167
0.592434
0.673573
0.761854
0.857527
0.960824
1.07195
1.19108
1.31838
1.45395
1.59789
1.75025
1.91103
2.08021
2.25771
2.44342
2.63717
2.83875
3.04791
3.26434
3.48767
3.71751
3.95339
4.19482
4.44124
4.69206
4.94663
5.20426
5.46425
5.72582
5.98818
6.2505
6.51194
6.77163
7.02866
7.28214
7.53116
7.7748
8.01214
8.2423
8.46436
8.67746
8.88075
9.07341
9.25465
9.42372
9.57992
9.72259
9.85114
9.96501
10.0637
10.1469
10.214
10.265
10.2996
10.3175
10.3188
10.3035
10.2715
10.2232
10.1586
10.0782
9.98215
9.87099
9.7452
9.6053
9.45191
9.28567
9.10729
8.9175
8.7171
8.50688
8.28769
8.0604
7.82588
7.58503
7.33874
7.08792
6.83346
6.57624
6.31716
6.05705
5.79676
5.53709
5.27883
5.02272
4.76947
4.51975
4.2742
4.0334
3.7979
3.56819
3.34473
3.12791
2.91809
2.71559
2.52066
2.33351
2.15433
1.98323
1.82029
1.66557
1.51905
1.38072
1.2505
1.12829
1.01395
0.907339
0.808262
0.716515
0.63187
0.554084
0.482896
0.418035
0.359217
0.306152
0.258543
0.21609
0.178489
0.145439
0.116638
0.0917888
0.0705992
0.0527824
0.0380592
0.0261586
0.0168191
0.00978922
0.00482837
0.00170718
0.000208075
0.000125565
0.00126646
0.00344997
0.00650775
0.0102838
0.0146344
0.0194277
0.0245438
0.0298739
0.0353206
0.0407968
0.0462255
0.0515396
0.0566809
0.0615998
0.066255
0.0706123
0.0746448
0.0783319
0.0816587
0.0846159
0.0871987
0.089407
0.0912442
0.0927171
0.0938356
0.0946118
0.0950603
0.0951971
0.0950397
0.0946066
0.0939174
0.0929917
0.0918498
0.0905118
0.0889979
0.0873277
0.0855206
0.0835952
0.0815696
0.0794611
0.077286
0.0750598
0.072797
0.0705112
0.068215
0.0659199
0.0636366
0.0613746
0.0591426
0.0569485
0.0547989
0.0526999
0.0506568
0.048674
0.0467552
0.0449034
0.0431212
0.0414104
0.0397724
0.038208
0.0367179
0.0353021
0.0339603
0.0326922
0.031497
0.0303738
0.0293214
0.0283387
0.0274243
0.0265769
0.025795
0.0250771
0.024422
0.023828
0.023294
0.0228185
0.0224004
0.0220386
0.021732
0.0214797
0.0212808
0.0211348
0.0210411
0.0209992
0.0210088
0.0210697
0.021182
0.0213456
0.0215607
0.0218277
0.0221468
0.0225187
0.0229437
0.0234226
0.0239561
0.0245447
0.0251893
0.0258906
0.0266492
0.027466
0.0283415
0.0292764
0.030271
0.0313257
0.0324408
0.0336162
0.0348519
0.0361476
0.0375026
0.0389161
0.040387
0.041914
0.0434952
0.0451286
0.0468118
0.0485421
0.0503161
0.0521304
0.0539809
0.0558633
0.0577727
0.0597039
0.0616512
0.0636085
0.0655693
0.0675268
0.0694737
0.0714022
0.0733046
0.0751724
0.0769971
0.0787699
0.0804817
0.0821232
0.0836852
0.0851581
0.0865325
0.0877988
0.0889476
0.0899696
0.0908557
0.0915968
0.0921845
0.0926104
0.0928667
0.092946
0.0928414
0.0925469
0.0920568
0.0913663
0.0904716
0.0893696
0.0880581
0.0865361
0.0848035
0.0828615
0.0807126
0.0783603
0.0758099
0.0730678
0.0701422
0.0670425
0.0637802
0.0603684
0.056822
0.0531577
0.0493944
0.045553
0.0416565
0.0377304
0.0338022
0.029902
0.0260626
0.0223191
0.0187097
0.0152752
0.0120593
0.00910896
0.00647413
0.00420802
0.00236721
0.00101173
0.000205109
1.45351e-05
0.000510891
0.00176884
0.00386691
0.00688753
0.0109171
0.0160459
0.0223683
0.0299827
0.0389913
0.0495004
0.0616201
0.075464
0.0911495
0.108798
0.128532
0.15048
0.174772
0.201539
0.230916
0.263038
0.298043
0.336068
0.377252
0.421731
0.469641
0.521118
0.576292
0.635292
0.698243
0.765263
0.836465
0.911955
0.991831
1.07618
1.16508
1.25861
1.3568
1.45972
1.56738
1.67979
1.79695
1.91883
2.0454
2.17659
2.31232
2.45248
2.59695
2.74558
2.8982
3.0546
3.21458
3.37788
3.54424
3.71335
3.88492
4.05858
4.23398
4.41073
4.58842
4.76663
4.9449
5.12276
5.29975
5.47536
5.64908
5.82039
5.98877
6.15369
6.31461
6.47099
6.6223
6.76801
6.9076
7.04056
7.1664
7.28462
7.39476
7.4964
7.5891
7.67248
7.74618
7.80988
7.86327
7.9061
7.93815
7.95923
7.96922
7.96802
7.95556
7.93183
7.89689
7.85079
7.79367
7.72568
7.64705
7.55802
7.45888
7.34997
7.23166
7.10435
6.96848
6.82453
6.67298
6.51437
6.34925
6.17818
6.00174
5.82055
5.63519
5.4463
5.25449
5.06037
4.86458
4.66771
4.47037
4.27315
4.07663
3.88136
3.68789
3.49672
3.30835
3.12323
2.94182
2.76451
2.59167
2.42364
2.26075
2.10325
1.9514
1.80539
1.66541
1.53158
1.40401
1.28277
1.16791
1.05944
0.95732
0.861517
0.771951
0.688521
0.611102
0.539547
0.47369
0.413347
0.358316
0.308383
0.26332
0.22289
0.186846
0.154936
0.126904
0.102488
0.0814278
0.0634631
0.0483351
0.035789
0.0255751
0.0174499
0.0111776
0.00653103
0.00329265
0.00125562
0.000224455
1.57728e-05
0.000458885
0.00139628
0.00268404
0.00419208
0.00580442
0.00741923
0.00894891
0.01032
0.011473
0.0123622
0.0129554
0.0132335
0.0131902
0.0128314
0.0121746
0.0112484
0.010092
0.00875437
0.00729341
0.00577543
0.00427424
0.00287032
0.00165
0.000704613
0.000129541
2.33682e-05
0.000486942
0.00162245
0.0035325
0.00631917
0.0100831
0.0149226
0.0209328
0.0282043
0.0368232
0.0468694
0.0584162
0.0715295
0.0862668
0.102677
0.120799
0.140662
0.162285
0.185675
0.210827
0.237725
0.266341
0.296634
0.328552
0.362029
0.396988
0.433338
0.470979
0.509796
0.549666
0.590454
0.632017
0.674199
0.71684
0.75977
0.802814
0.84579
0.888512
0.930793
0.972442
1.01327
1.05308
1.09168
1.1289
1.16454
1.19844
1.23043
1.26033
1.28801
1.31332
1.33613
1.35633
1.37381
1.38847
1.40026
1.4091
1.41496
1.4178
1.41761
1.41441
1.40821
1.39905
1.38698
1.37208
1.35443
1.33413
1.31128
1.28603
1.25849
1.22883
1.19719
1.16375
1.12867
1.09214
1.05433
1.01543
0.975629
0.935117
0.894079
0.852699
0.811159
0.769635
0.728299
0.687314
0.646836
0.607014
0.567985
0.529877
0.492809
0.456885
0.4222
0.388837
0.356867
0.326348
0.297327
0.269838
0.243905
0.219541
0.196745
0.17551
0.155816
0.137635
0.120933
0.105664
0.0917787
0.0792203
0.0679271
0.0578329
0.0488684
0.0409611
0.0340372
0.0280213
0.0228382
0.018413
0.0146718
0.0115428
0.00895641
0.00684607
0.00514869
0.00380505
0.0027602
0.00196375
0.0013701
0.000938653
0.000633927
0.000425599
0.000288512
0.000202622
0.000152888
0.000129106
0.00012571
0.00014152
0.000179454
0.000246209
0.000351913
0.000509747
0.000735554
0.00104743
0.00146531
0.00201053
0.00270542
0.00357289
0.00463598
0.00591752
0.00743969
0.00922368
0.0112894
0.013655
0.0163368
0.0193489
0.022703
0.0264082
0.0304708
0.0348942
0.0396789
0.0448225
0.0503192
0.0561605
0.0623349
0.0688279
0.0756224
0.0826984
0.0900338
0.097604
0.105382
0.11334
0.121448
0.129674
0.137985
0.146349
0.154732
0.163099
0.171416
0.17965
0.187767
0.195734
0.20352
0.211094
0.218427
0.225491
0.232261
0.238712
0.244823
0.250573
0.255945
0.260923
0.265494
0.269645
0.27337
0.276659
0.27951
0.281919
0.283887
0.285414
0.286504
0.287161
0.287393
0.287207
0.286614
0.285623
0.284246
0.282496
0.280386
0.277931
0.275145
0.272043
0.268641
0.264954
0.260997
0.256788
0.25234
0.24767
0.242793
0.237724
0.232477
0.227066
0.221507
0.215811
0.209992
0.204064
0.198037
0.191925
0.185738
0.179489
0.173187
0.166844
0.160469
0.154074
0.147668
0.141262
0.134865
0.128488
0.122139
0.115831
0.109571
0.103372
0.0972437
0.0911962
0.0852408
0.0793885
0.0736509
0.0680393
0.0625656
0.0572418
0.0520799
0.0470921
0.0422909
0.0376884
0.033297
0.0291288
0.0251958
0.0215099
0.0180823
0.0149239
0.0120451
0.00945576
0.0071647
0.00518005
0.00350895
0.00215743
0.00113038
0.000431336
6.24935e-05
2.45411e-05
0.000316597
0.000936124
0.00187886
0.00313875
0.00470789
0.00657651
0.00873292
0.0111635
0.0138527
0.0167831
0.0199353
0.0232881
0.0268187
0.0305022
0.0343124
0.0382216
0.0422006
0.0462189
0.050245
0.0542465
0.0581903
0.0620426
0.0657694
0.0693367
0.0727104
0.0758571
0.0787439
0.0813388
0.0836113
0.0855321
0.0870741
0.0882124
0.0889243
0.0891903
0.0889942
0.0883231
0.0871685
0.0855261
0.0833963
0.080785
0.0777036
0.0741694
0.0702064
0.0658456
0.061125
0.0560909
0.0507976
0.0453081
0.0396946
0.034039
0.0284329
0.0229788
0.0177896
0.0129896
0.00871467
0.00511245
0.00234277
0.000577878
2.56894e-06
0.000814374
0.00322362
0.00745343
0.0137397
0.0223308
0.0334875
0.0474827
0.0646007
0.0851367
0.109397
0.137695
0.170357
0.207712
0.250099
0.29786
0.351341
0.41089
0.476855
0.549581
0.629411
0.716681
0.811717
0.914837
1.02634
1.14652
1.27564
1.41394
1.56165
1.71896
1.88603
2.063
2.24995
2.44694
2.65399
2.87106
3.09808
3.33491
3.58139
3.83728
4.10229
4.37609
4.65828
4.94841
5.24596
5.55038
5.86103
6.17724
6.49828
6.82336
7.15164
7.48225
7.81426
8.14671
8.47858
8.80886
9.13647
9.46034
9.77937
10.0924
10.3984
10.6963
10.9848
11.2629
11.5296
11.7838
12.0245
12.2507
12.4615
12.656
12.8333
12.9928
13.1338
13.2556
13.3576
13.4395
13.5009
13.5414
13.5608
13.5591
13.5362
13.4922
13.4273
13.3416
13.2356
13.1096
12.9642
12.7999
12.6174
12.4175
12.2008
11.9684
11.7211
11.4599
11.1858
10.8999
10.6032
10.2969
9.98201
9.65981
9.3314
8.99792
8.66054
8.32037
7.97854
7.63613
7.29421
6.9538
6.61589
6.28143
5.95131
5.62638
5.30744
4.99522
4.69042
4.39365
4.10548
3.8264
3.55686
3.29725
3.04786
2.80898
2.58079
2.36345
2.15704
1.96159
1.7771
1.6035
1.44069
1.28851
1.14678
1.01526
0.893717
0.781846
0.679339
0.58586
0.501052
0.424541
0.355942
0.294857
0.240881
0.193603
0.152612
0.117495
0.087841
0.0632454
0.0433085
0.0276396
0.0158576
0.00759277
0.00248819
0.00020053
0.000401213
0.00277712
0.00703126
0.0128832
0.0200695
0.0283437
0.0374766
0.0472564
0.057488
0.0679932
0.0786103
0.0891935
0.0996127
0.109753
0.119513
0.128806
0.137558
0.145707
0.153204
0.160009
0.166093
0.171438
0.176031
0.179869
0.182957
0.185306
0.18693
0.187852
0.188096
0.187693
0.186675
0.185076
0.182935
0.18029
0.177181
0.173649
0.169734
0.165479
0.160923
0.156107
0.15107
0.14585
0.140483
0.135005
0.129449
0.123848
0.11823
0.112624
0.107055
0.101548
0.0961248
0.090804
0.0856039
0.0805401
0.0756262
0.070874
0.0662935
0.0618926
0.0576778
0.0536539
0.0498241
0.0461902
0.0427526
0.0395107
0.0364625
0.0336052
0.0309349
0.0284469
0.026136
0.0239963
0.0220213
0.0202042
0.0185378
0.017015
0.0156281
0.0143697
0.0132324
0.0122088
0.0112918
0.0104745
0.0097502
0.00911277
0.00855631
0.00807542
0.00766516
0.00732106
0.00703919
0.00681612
0.00664896
0.00653534
0.0064734
0.00646178
0.0064996
0.00658642
0.00672224
0.0069074
0.0071426
0.00742881
0.00776724
0.00815926
0.00860636
0.00911007
0.00967192
0.0102933
0.0109756
0.0117198
0.0125267
0.0133967
0.0143298
0.0153256
0.0163831
0.0175007
0.0186762
0.0199067
0.0211887
0.0225179
0.0238892
0.0252968
0.0267342
0.028194
0.0296684
0.0311484
0.0326248
0.0340877
0.0355263
0.0369299
0.0382869
0.0395857
0.0408144
0.041961
0.0430135
0.04396
0.044789
0.0454893
0.0460502
0.0464618
0.0467149
0.0468014
0.0467141
0.0464472
0.0459962
0.045358
0.0445314
0.0435167
0.0423162
0.040934
0.0393763
0.0376513
0.0357697
0.0337441
0.0315893
