2.14476e-32
2.17314e-32
2.25919e-32
2.40569e-32
2.61714e-32
2.8996e-32
3.26043e-32
3.70806e-32
4.25156e-32
4.90031e-32
5.66353e-32
6.54985e-32
7.56683e-32
8.72048e-32
1.00148e-31
1.14513e-31
1.30288e-31
1.47428e-31
1.65854e-31
1.85451e-31
2.06066e-31
2.2751e-31
2.49557e-31
2.71949e-31
2.94397e-31
3.16589e-31
3.38191e-31
3.58859e-31
3.78244e-31
3.96e-31
4.11793e-31
4.25311e-31
4.3627e-31
4.44426e-31
4.49579e-31
4.5158e-31
4.5034e-31
4.45829e-31
4.3808e-31
4.27192e-31
4.13323e-31
3.96694e-31
3.77577e-31
3.56294e-31
3.33206e-31
3.08703e-31
2.83198e-31
2.5711e-31
2.3086e-31
2.04856e-31
1.79482e-31
1.55092e-31
1.32e-31
1.10473e-31
9.07266e-32
7.29215e-32
5.71622e-32
4.3497e-32
3.19209e-32
2.23787e-32
1.47708e-32
8.95932e-33
4.77539e-33
2.02713e-33
5.07636e-34
2.97553e-36
2.99788e-34
1.19221e-33
2.48795e-33
4.01321e-33
5.61655e-33
7.17144e-33
8.57753e-33
9.76083e-33
1.06727e-32
1.12881e-32
1.16025e-32
1.16293e-32
1.13955e-32
1.09386e-32
1.03025e-32
9.53417e-33
8.68037e-33
7.78529e-33
6.88834e-33
6.02278e-33
5.21489e-33
4.48378e-33
3.84172e-33
3.29494e-33
2.84478e-33
2.48911e-33
2.22389e-33
2.0447e-33
1.94834e-33
1.93406e-33
2.0048e-33
2.16791e-33
2.43574e-33
2.8258e-33
3.36063e-33
4.06736e-33
4.97707e-33
6.12392e-33
7.54408e-33
9.27466e-33
1.13526e-32
1.38135e-32
1.66906e-32
2.00142e-32
2.38104e-32
2.81009e-32
3.29025e-32
3.82269e-32
4.40809e-32
5.04663e-32
5.73801e-32
6.48152e-32
7.27607e-32
8.12025e-32
9.01238e-32
9.95056e-32
1.09327e-31
1.19566e-31
1.30201e-31
1.41207e-31
1.52562e-31
1.64241e-31
1.7622e-31
1.88474e-31
2.00979e-31
2.13708e-31
2.26635e-31
2.39731e-31
2.52965e-31
2.66306e-31
2.79717e-31
2.93161e-31
3.06595e-31
3.19974e-31
3.33248e-31
3.46362e-31
3.59258e-31
3.71872e-31
3.84136e-31
3.95979e-31
4.07324e-31
4.18092e-31
4.28198e-31
4.37556e-31
4.4608e-31
4.5368e-31
4.60267e-31
4.65753e-31
4.70051e-31
4.7308e-31
4.7476e-31
4.7502e-31
4.73794e-31
4.71028e-31
4.66674e-31
4.60699e-31
4.53083e-31
4.43819e-31
4.32917e-31
4.20404e-31
4.06325e-31
3.90743e-31
3.73741e-31
3.55421e-31
3.35907e-31
3.15341e-31
2.93883e-31
2.71713e-31
2.49027e-31
2.26035e-31
2.0296e-31
1.80036e-31
1.57504e-31
1.35608e-31
1.14595e-31
9.47068e-32
7.61791e-32
5.92371e-32
4.4091e-32
3.0933e-32
1.99335e-32
1.12378e-32
4.96387e-33
1.19963e-33
1.78418e-36
1.39474e-33
5.37048e-33
1.18891e-32
2.08802e-32
3.22449e-32
4.58586e-32
6.15746e-32
7.92276e-32
9.86384e-32
1.19619e-31
1.41976e-31
1.65518e-31
1.90058e-31
2.1542e-31
2.41441e-31
2.67979e-31
2.9491e-31
3.22138e-31
3.49593e-31
3.7723e-31
4.05036e-31
4.33026e-31
4.61242e-31
4.89756e-31
5.18664e-31
5.48085e-31
5.78162e-31
6.09053e-31
6.40933e-31
6.7399e-31
7.08418e-31
7.44418e-31
7.82188e-31
8.21924e-31
8.63812e-31
9.08025e-31
9.54714e-31
1.00401e-30
1.056e-30
1.11076e-30
1.1683e-30
1.22859e-30
1.29154e-30
1.35701e-30
1.4248e-30
1.49463e-30
1.56616e-30
1.63898e-30
1.7126e-30
1.7865e-30
1.86005e-30
1.93259e-30
2.00343e-30
2.07182e-30
2.137e-30
2.19819e-30
2.25462e-30
2.30556e-30
2.35031e-30
2.3882e-30
2.41867e-30
2.44122e-30
2.45545e-30
2.4611e-30
2.45798e-30
2.44606e-30
2.42543e-30
2.39629e-30
2.35897e-30
2.31393e-30
2.26173e-30
2.20299e-30
2.13846e-30
2.06892e-30
1.99521e-30
1.91818e-30
1.83871e-30
1.75766e-30
1.67587e-30
1.59414e-30
1.51321e-30
1.43377e-30
1.35642e-30
1.28171e-30
1.21008e-30
1.1419e-30
1.07746e-30
1.01697e-30
9.6057e-31
9.08315e-31
8.60214e-31
8.16215e-31
7.76219e-31
7.40088e-31
7.07645e-31
6.78692e-31
6.53001e-31
6.3033e-31
6.10422e-31
5.93006e-31
5.77803e-31
5.64524e-31
5.52876e-31
5.42559e-31
5.33269e-31
5.247e-31
5.16549e-31
5.08512e-31
5.00295e-31
4.91613e-31
4.82195e-31
4.71794e-31
4.60188e-31
4.47185e-31
4.32635e-31
4.16427e-31
3.98501e-31
3.78849e-31
3.57517e-31
3.34609e-31
3.10284e-31
2.8476e-31
2.58303e-31
2.31231e-31
2.03899e-31
1.76699e-31
1.50044e-31
1.24363e-31
1.00086e-31
7.76363e-32
5.74146e-32
3.97913e-32
2.50938e-32
1.35975e-32
5.51747e-33
1.00099e-33
1.23095e-34
2.88327e-33
9.20453e-33
1.89346e-32
3.18493e-32
4.76577e-32
6.60096e-32
8.65041e-32
1.087e-31
1.32126e-31
1.56296e-31
1.80717e-31
2.04904e-31
2.28392e-31
2.50745e-31
2.71568e-31
2.90516e-31
3.07299e-31
3.2169e-31
3.33524e-31
3.42704e-31
3.49199e-31
3.5304e-31
3.54318e-31
3.53176e-31
3.49805e-31
3.44435e-31
3.37327e-31
3.28762e-31
3.19038e-31
3.08453e-31
2.97308e-31
2.85889e-31
2.74473e-31
2.63313e-31
2.52643e-31
2.42673e-31
2.33587e-31
2.2555e-31
2.18705e-31
2.13177e-31
2.09078e-31
2.06511e-31
2.05575e-31
2.06365e-31
2.0898e-31
2.13524e-31
2.20108e-31
2.28848e-31
2.39869e-31
2.53301e-31
2.69275e-31
2.8792e-31
3.09359e-31
3.337e-31
3.61035e-31
3.91429e-31
4.24915e-31
4.61493e-31
5.01119e-31
5.43704e-31
5.89113e-31
6.37163e-31
6.87623e-31
7.40218e-31
7.94632e-31
8.50514e-31
9.07486e-31
9.65146e-31
1.02308e-30
1.08089e-30
1.13815e-30
1.19447e-30
1.2495e-30
1.30289e-30
1.35435e-30
1.40364e-30
1.45054e-30
1.49492e-30
1.53668e-30
1.57576e-30
1.61218e-30
1.64599e-30
1.67728e-30
1.70617e-30
1.73283e-30
1.75743e-30
1.78018e-30
1.80127e-30
1.8209e-30
1.83927e-30
1.85656e-30
1.87293e-30
1.88851e-30
1.9034e-30
1.91765e-30
1.9313e-30
1.94433e-30
1.95665e-30
1.96816e-30
1.97871e-30
1.98808e-30
1.99603e-30
2.00229e-30
2.00652e-30
2.00839e-30
2.00753e-30
2.00358e-30
1.99615e-30
1.98489e-30
1.96944e-30
1.94949e-30
1.92477e-30
1.89506e-30
1.86022e-30
1.82015e-30
1.77485e-30
1.72442e-30
1.66902e-30
1.60892e-30
1.54448e-30
1.47613e-30
1.40439e-30
1.32984e-30
1.25312e-30
1.17492e-30
1.09594e-30
1.01691e-30
9.38536e-31
8.61522e-31
7.86519e-31
7.14128e-31
6.44887e-31
5.79255e-31
5.17609e-31
4.60235e-31
4.0733e-31
3.58999e-31
3.15264e-31
2.76064e-31
2.4127e-31
2.10693e-31
1.84096e-31
1.61207e-31
1.41733e-31
1.25371e-31
1.11819e-31
1.00788e-31
9.20083e-32
8.52366e-32
8.02594e-32
7.68941e-32
7.49887e-32
7.44182e-32
7.50805e-32
7.68901e-32
7.97709e-32
8.36493e-32
8.84465e-32
9.40716e-32
1.00416e-31
1.07349e-31
1.14714e-31
1.22331e-31
1.29992e-31
1.37469e-31
1.4452e-31
1.5089e-31
1.56325e-31
1.60578e-31
1.63421e-31
1.64653e-31
1.64113e-31
1.61686e-31
