4
3.9984
3.9936
3.98562
3.97447
3.96017
3.94274
3.92224
3.89869
3.87214
3.84265
3.81027
3.77507
3.73712
3.69649
3.65327
3.60753
3.55938
3.5089
3.4562
3.40137
3.34453
3.28578
3.22524
3.16303
3.09927
3.03408
2.96759
2.89992
2.8312
2.76157
2.69115
2.62008
2.54849
2.47652
2.4043
2.33196
2.25963
2.18746
2.11556
2.04407
1.97311
1.90282
1.83331
1.76471
1.69713
1.63069
1.56551
1.50168
1.43932
1.37852
1.31939
1.26201
1.20648
1.15287
1.10127
1.05175
1.00438
0.959224
0.916338
0.875777
0.837589
0.801816
0.768496
0.737659
0.709332
0.683534
0.660282
0.639583
0.621441
0.605856
0.592819
0.582319
0.574337
0.568852
0.565834
0.565252
0.567068
0.57124
0.577721
0.58646
0.597402
0.610489
0.625656
0.642839
0.661966
0.682965
0.70576
0.730272
0.75642
0.78412
0.813286
0.84383
0.875664
0.908697
0.942837
0.977992
1.01407
1.05097
1.08861
1.12688
1.1657
1.20498
1.24461
1.28452
1.3246
1.36477
1.40494
1.44502
1.48494
1.52461
1.56394
1.60287
1.64132
1.67921
1.71648
1.75306
1.78889
1.82391
1.85806
1.89129
1.92354
1.95478
1.98496
2.01404
2.04199
2.06877
2.09436
2.11873
2.14186
2.16374
2.18435
2.20369
2.22174
2.23851
2.25399
2.26819
2.28112
2.29279
2.30321
2.3124
2.32039
2.32718
2.33281
2.3373
2.3407
2.34302
2.3443
2.34458
2.34389
2.34229
2.3398
2.33647
2.33235
2.32748
2.3219
2.31567
2.30882
2.30141
2.29348
2.28508
2.27626
2.26706
2.25754
2.24773
2.23768
2.22745
2.21706
2.20657
2.19601
2.18543
2.17487
2.16435
2.15392
2.14361
2.13346
2.12349
2.11373
2.1042
2.09494
2.08596
2.07729
2.06894
2.06093
2.05328
2.04598
2.03906
2.03252
2.02637
2.02061
2.01523
2.01025
2.00566
2.00144
1.9976
1.99413
1.99102
1.98825
1.98581
1.98369
1.98187
1.98033
1.97905
1.97803
1.97722
1.97662
1.9762
1.97594
1.97581
1.97578
1.97585
1.97598
1.97614
1.97632
1.97648
1.97661
1.97669
1.97668
1.97656
1.97632
1.97594
1.97539
1.97465
1.97371
1.97255
1.97116
1.96952
1.96762
1.96545
1.963
1.96026
1.95722
1.95389
1.95026
1.94633
1.94209
1.93756
1.93274
1.92762
1.92224
1.91658
1.91067
1.90452
1.89814
1.89156
1.88479
1.87784
1.87076
1.86355
1.85624
1.84887
1.84145
1.83402
1.82661
1.81926
1.81198
1.80482
1.79781
1.79098
1.78438
1.77803
1.77197
1.76625
1.76088
1.75592
1.7514
1.74735
1.74381
1.74082
1.7384
1.7366
1.73544
1.73496
1.73519
1.73615
1.73787
1.74039
1.74372
1.74789
1.75292
1.75883
1.76564
1.77336
1.782
1.79158
1.80211
1.81358
1.82601
1.8394
1.85375
1.86904
1.88528
1.90246
1.92056
1.93957
1.95947
1.98025
2.00188
2.02433
2.04758
2.0716
2.09635
2.1218
2.14792
2.17465
2.20196
2.22981
2.25814
2.2869
2.31605
2.34553
2.37528
2.40526
2.43539
2.46561
2.49588
2.52612
2.55627
2.58626
2.61603
2.64551
2.67463
2.70332
2.73153
2.75917
2.78618
2.8125
2.83804
2.86276
2.88657
2.90941
2.93123
2.95194
2.9715
2.98984
3.00689
3.02261
3.03693
3.04981
3.06118
3.071
3.07923
3.08581
3.0907
3.09387
3.09528
3.0949
3.09268
3.08862
3.08268
3.07484
3.06509
3.05341
3.03979
3.02423
3.00673
2.98727
2.96588
2.94256
2.91731
2.89017
2.86114
2.83025
2.79754
2.76302
2.72674
2.68874
2.64906
2.60774
2.56484
2.52041
2.47451
2.42719
2.37853
2.32858
2.27742
2.22511
2.17175
2.1174
2.06214
2.00606
1.94925
1.89179
1.83377
1.77528
1.71642
1.65727
1.59795
1.53854
1.47913
1.41984
1.36076
1.30199
1.24363
1.18578
1.12854
1.072
1.01628
0.96146
0.907645
0.85493
0.80341
0.753178
0.704327
0.656945
0.611121
0.566941
0.524488
0.483842
0.445082
0.408283
0.373516
0.340851
0.310353
0.282085
0.256104
0.232466
0.211221
0.192417
0.176097
0.162298
0.151056
0.142401
0.136358
0.132948
0.132189
0.134093
0.138667
0.145913
0.155831
0.168413
0.183648
0.201521
0.222011
0.245092
0.270735
0.298906
0.329565
0.362669
0.39817
0.436017
0.476152
0.518515
0.563042
0.609664
0.658308
0.7089
0.761359
0.815602
0.871543
0.929092
0.988159
1.04865
1.11046
1.17349
1.23765
1.30282
1.3689
1.43579
1.50337
1.57153
1.64016
1.70915
1.77838
1.84775
1.91713
1.98642
2.05549
2.12425
2.19257
2.26034
2.32745
2.39379
2.45926
2.52375
2.58716
2.64938
2.71031
2.76985
2.82792
2.88441
2.93925
2.99234
3.04361
3.09297
3.14035
3.18568
3.22889
3.26991
3.3087
3.34519
3.37933
3.41109
3.44041
3.46726
3.4916
3.51342
3.53269
3.54939
3.56351
3.57505
3.58399
3.59033
3.5941
3.5953
3.59394
3.59004
3.58364
3.57476
3.56344
3.54972
3.53363
3.51524
3.49458
3.47172
3.44672
3.41965
3.39056
3.35953
3.32663
3.29194
3.25555
3.21753
3.17797
3.13696
3.09459
3.05096
3.00614
2.96025
2.91338
2.86562
2.81708
2.76786
2.71805
2.66776
2.61709
2.56615
2.51502
2.46381
2.41262
2.36156
2.31071
2.26017
2.21003
2.1604
2.11136
2.06299
2.01539
1.96864
1.92282
1.87801
1.83428
1.79171
1.75036
1.7103
1.6716
1.6343
1.59847
1.56416
1.53142
1.50028
1.47079
1.44298
1.41689
1.39254
1.36995
1.34914
1.33013
1.31292
1.29753
1.28395
1.27218
1.26221
1.25405
1.24766
1.24303
1.24015
1.23898
1.23949
1.24166
1.24544
1.25079
1.25769
1.26607
1.27588
1.28709
1.29963
1.31345
1.32849
1.34469
1.36198
1.38031
1.3996
1.4198
1.44082
1.46261
1.4851
1.5082
1.53186
1.556
1.58055
1.60544
1.63059
1.65594
1.68143
1.70697
1.73251
1.75797
1.7833
1.80842
1.83328
1.85782
1.88197
1.90569
1.92892
1.95161
1.9737
1.99516
2.01594
2.036
2.0553
2.0738
2.09147
2.10829
2.12423
2.13926
2.15336
2.16652
2.17872
2.18996
2.20021
2.20949
2.21778
2.22509
2.23142
2.23678
2.24117
2.24462
2.24714
2.24874
2.24944
2.24927
2.24825
2.2464
2.24377
2.24037
2.23624
2.23141
2.22593
2.21982
2.21313
2.20589
2.19814
2.18993
2.1813
2.17228
2.16293
2.15328
2.14337
2.13325
2.12296
2.11254
2.10203
2.09147
2.0809
2.07036
2.05988
2.0495
2.03925
2.02917
2.01929
2.00963
2.00023
1.99111
1.98228
1.97379
1.96563
1.95783
1.95041
1.94337
1.93674
1.9305
1.92467
1.91926
1.91426
1.90967
1.90549
1.90171
1.89833
1.89532
1.89269
1.8904
1.88846
1.88683
1.88549
1.88443
1.88362
1.88303
1.88263
1.8824
1.88231
1.88232
1.88241
1.88253
1.88266
1.88276
1.8828
1.88274
1.88254
1.88218
1.88162
1.88082
1.87974
1.87836
1.87665
1.87457
1.87209
1.86918
1.86582
1.86197
1.85762
1.85275
1.84732
1.84133
1.83476
1.82759
1.81981
1.81141
1.80239
1.79274
1.78246
1.77156
1.76003
1.74788
1.73513
1.72179
1.70787
1.69339
1.67837
1.66285
1.64684
1.63038
1.61349
1.59623
1.57862
1.56071
1.54254
1.52416
1.50562
1.48696
1.46824
1.44953
1.43086
1.41231
1.39393
1.37578
1.35794
1.34045
1.32339
1.30682
1.29082
1.27543
1.26074
1.24681
1.2337
1.22148
1.21022
1.19997
1.19081
1.1828
1.17599
1.17045
1.16622
1.16337
1.16195
1.16201
1.1636
1.16675
1.17152
1.17794
1.18604
1.19586
1.20743
1.22076
1.23589
1.25281
1.27156
1.29213
1.31453
1.33876
1.36481
1.39267
1.42233
1.45377
1.48697
1.52189
1.5585
1.59678
1.63666
1.67812
1.72109
1.76552
1.81135
1.85852
1.90695
1.95659
2.00734
2.05912
2.11187
2.16548
2.21987
2.27494
2.3306
2.38674
2.44327
2.50008
2.55706
2.61411
2.67112
2.72797
2.78455
2.84075
2.89646
2.95155
3.00592
3.05945
3.11203
3.16354
3.21388
3.26292
3.31057
3.35671
3.40124
3.44405
3.48504
3.52412
3.56119
3.59616
3.62894
3.65944
3.68759
3.71331
3.73652
3.75717
3.77518
3.7905
3.80307
3.81286
3.81981
3.82389
3.82507
3.82332
3.81863
3.81098
3.80037
3.78678
3.77024
3.75074
3.7283
3.70296
3.67472
3.64364
3.60975
3.57309
3.53372
3.4917
3.44709
3.39996
3.35038
3.29844
3.24421
3.18779
3.12926
3.06874
3.00632
2.9421
2.8762
2.80874
2.73983
2.66958
2.59813
2.5256
2.45212
2.37781
2.30282
2.22727
2.1513
2.07505
1.99864
1.92223
1.84594
1.7699
1.69427
1.61917
1.54473
1.47108
1.39837
1.32671
1.25624
1.18707
1.11933
1.05314
0.988603
0.925841
0.864956
0.806054
0.749233
0.694588
0.642209
0.592182
0.544586
0.499497
0.456985
0.417115
0.379947
0.345532
0.313921
0.285153
0.259267
0.236292
0.216253
0.199167
0.185049
0.173903
0.165732
0.160529
0.158283
0.158977
0.162589
0.16909
0.178446
0.190617
0.205558
0.22322
0.243547
0.266479
0.291952
0.319895
0.350235
0.382894
0.417789
0.454835
0.493942
0.535016
0.577963
0.622683
0.669074
0.717033
0.766452
0.817223
0.869237
0.922382
0.976546
1.03161
1.08747
1.14401
1.20111
1.25865
1.31652
1.37462
1.43282
1.49101
1.54909
1.60694
1.66446
1.72154
1.77808
1.83397
1.88913
1.94345
1.99684
2.04922
2.10049
2.15058
2.1994
2.24689
2.29296
2.33755
2.3806
2.42205
2.46185
2.49994
2.53627
2.57081
2.60352
2.63436
2.66331
2.69034
2.71543
2.73857
2.75975
2.77895
2.79619
2.81145
2.82475
2.8361
2.84552
2.85301
2.85861
2.86234
2.86423
2.86431
2.86263
2.85921
2.85411
2.84737
2.83904
2.82917
2.81782
2.80504
2.79088
2.77542
2.75871
2.74082
2.72181
2.70175
2.6807
2.65874
2.63593
2.61234
2.58805
2.56312
2.53762
2.51163
2.48522
2.45844
2.43138
2.4041
2.37666
2.34914
2.32159
2.29408
2.26668
2.23943
2.21241
2.18567
2.15925
2.13322
2.10762
2.08251
2.05792
2.03391
2.01051
1.98775
1.96569
1.94435
1.92376
1.90395
1.88495
1.86678
1.84945
1.833
1.81743
1.80275
1.78898
1.77612
1.76419
1.75317
1.74308
1.73391
1.72565
1.7183
1.71186
1.7063
1.70163
1.69781
1.69485
1.69271
1.69138
1.69085
1.69107
1.69205
1.69374
1.69612
1.69917
1.70285
1.70715
1.71202
1.71744
1.72339
1.72982
1.73671
1.74403
1.75174
1.75982
1.76823
1.77695
1.78594
1.79518
1.80463
1.81427
1.82407
1.834
1.84403
1.85414
1.86431
1.87452
1.88473
1.89493
1.9051
1.91522
1.92527
1.93523
1.9451
1.95485
1.96448
1.97396
1.98331
1.99249
2.00151
2.01037
2.01905
2.02755
2.03587
2.04401
2.05197
2.05976
2.06736
2.07479
2.08206
2.08916
2.0961
2.10289
2.10954
2.11605
2.12245
2.12872
2.13489
2.14097
2.14696
2.15289
2.15875
2.16457
2.17034
2.1761
2.18184
2.18758
2.19333
2.1991
2.2049
2.21074
2.21663
2.22259
2.22861
2.23471
2.24089
2.24716
2.25352
2.25998
2.26655
2.27321
2.27999
2.28686
2.29384
2.30092
2.3081
2.31537
2.32273
2.33017
2.33767
2.34524
2.35286
2.36051
2.36819
2.37588
2.38356
2.39121
2.39882
2.40637
2.41383
2.42119
2.42841
2.43549
2.44238
2.44907
2.45554
2.46174
2.46766
2.47326
2.47852
2.4834
2.48788
2.49193
2.49551
2.49859
2.50115
2.50315
2.50456
2.50535
2.5055
2.50496
2.50372
2.50174
2.499
2.49546
2.49111
2.48591
2.47984
2.47289
2.46502
2.45622
2.44646
2.43574
2.42403
2.41132
2.3976
2.38286
2.36709
2.35028
2.33243
2.31353
2.29359
2.2726
2.25058
2.22753
2.20345
2.17836
2.15227
2.1252
2.09717
2.0682
2.0383
2.00752
1.97587
1.94339
1.91011
1.87606
1.84129
1.80584
1.76974
1.73305
1.6958
1.65806
1.61987
1.58129
1.54236
1.50316
1.46373
1.42415
1.38446
1.34475
1.30506
1.26547
1.22605
1.18687
1.14799
1.10948
1.07143
1.03389
0.99694
0.960657
0.925109
0.890371
0.856513
0.823608
0.791727
0.760941
0.73132
0.702933
0.675848
0.650131
0.625847
0.60306
0.581832
0.562223
0.54429
0.52809
0.513675
0.501098
0.490406
0.481644
0.474857
0.470083
0.46736
0.46672
0.468195
0.471811
0.477592
0.485556
0.495721
0.508099
0.522697
0.539521
0.55857
0.579843
0.60333
0.629021
0.6569
0.686947
0.719138
0.753445
0.789836
0.828275
0.868721
0.91113
0.955453
1.00164
1.04963
1.09937
1.15078
1.20382
1.25839
1.31444
1.37187
1.43062
1.49059
1.5517
1.61386
1.67698
1.74095
1.80569
1.8711
1.93706
2.00349
2.07027
2.13729
2.20446
2.27165
2.33877
2.40569
2.47232
2.53853
2.60422
2.66928
2.73359
2.79705
2.85955
2.92097
2.98122
3.04019
3.09778
3.15388
3.20839
3.26123
3.31229
3.36148
3.40872
3.45392
3.49699
3.53787
3.57647
3.61273
3.64658
3.67795
3.70679
3.73305
3.75667
3.77761
3.79583
3.8113
3.82399
3.83388
3.84093
3.84515
3.84651
3.84503
3.84069
3.83351
3.8235
3.81067
3.79506
3.77668
3.75557
3.73177
3.70533
3.67629
3.64471
3.61064
3.57415
3.53531
3.49419
3.45087
3.40542
3.35793
3.3085
3.25721
3.20416
3.14945
3.09319
3.03547
2.97641
2.91611
2.8547
2.79228
2.72897
2.66489
2.60016
2.5349
2.46923
2.40327
2.33715
2.27098
2.20489
2.139
2.07343
2.0083
1.94373
1.87983
1.81672
1.75452
1.69332
1.63325
1.57441
1.51689
1.46081
1.40625
1.3533
1.30207
1.25262
1.20505
1.15943
1.11583
1.07432
1.03496
0.997819
0.962937
0.930368
0.900155
0.872336
0.846944
0.824006
0.803546
0.785579
0.770116
0.757166
0.746727
0.738795
0.733361
0.730409
0.729919
0.731865
0.736217
0.742939
0.75199
0.763327
0.776898
0.792649
0.810523
0.830456
0.852381
0.876229
0.901924
0.929389
0.958544
0.989304
1.02158
1.05529
1.09034
1.12663
1.16406
1.20255
1.24199
1.28228
1.32332
1.36501
1.40724
1.44992
1.49293
1.53619
1.57959
1.62302
1.66638
1.70958
1.75253
1.79511
1.83725
1.87885
1.91981
1.96006
1.9995
2.03807
2.07567
2.11223
2.14769
2.18197
2.215
2.24674
2.27712
2.30608
2.33359
2.35958
2.38404
2.40691
2.42816
2.44778
2.46573
2.48199
2.49656
2.50942
2.52057
2.53001
2.53773
2.54376
2.54809
2.55074
2.55174
2.55111
2.54887
2.54507
2.53972
2.53287
2.52456
2.51484
2.50376
2.49135
2.47769
2.46282
2.4468
2.42969
2.41155
2.39245
2.37245
2.35163
2.33003
2.30775
2.28483
2.26137
2.23741
2.21304
2.18833
2.16334
2.13814
2.11281
2.08741
2.062
2.03666
2.01145
1.98643
1.96165
1.93719
1.9131
1.88943
1.86624
1.84357
1.82147
1.79999
1.77917
1.75906
1.73968
1.72107
1.70326
1.68628
1.67016
1.6549
1.64055
1.6271
1.61457
1.60297
1.5923
1.58257
1.57378
1.56592
1.55899
1.55297
1.54786
1.54364
1.5403
1.53781
1.53615
1.5353
1.53523
1.53591
1.53731
1.53941
1.54216
1.54553
1.54949
1.55399
1.559
1.56448
1.57039
1.57669
1.58333
1.59029
1.59751
1.60495
1.61258
1.62036
1.62824
1.63619
1.64418
1.65215
1.66009
1.66795
1.67571
1.68333
1.69078
1.69804
1.70509
1.71189
1.71844
1.72471
1.73068
1.73635
1.74169
1.74671
1.7514
1.75574
1.75975
1.76342
1.76676
1.76977
1.77246
1.77484
1.77693
1.77875
1.78031
1.78163
1.78274
1.78366
1.78442
1.78505
1.78557
1.78603
1.78646
1.78689
1.78736
1.7879
1.78856
1.78938
1.7904
1.79165
1.79319
1.79505
1.79727
1.7999
1.80297
1.80654
1.81063
1.81529
1.82056
1.82647
1.83307
1.84037
1.84843
1.85727
1.86691
1.87739
1.88873
1.90096
1.91408
1.92813
1.94311
1.95904
1.97592
1.99377
2.01257
2.03234
2.05307
2.07475
2.09737
2.12091
2.14537
2.17071
2.19691
2.22395
2.25179
2.2804
2.30974
2.33977
2.37045
2.40172
2.43353
2.46583
2.49857
2.53168
2.5651
2.59876
2.6326
2.66655
2.70054
2.73449
2.76832
2.80196
2.83533
2.86835
2.90093
2.933
2.96448
2.99527
3.0253
3.05449
3.08274
3.10999
3.13614
3.16111
3.18483
3.20722
3.2282
3.24769
3.26562
3.28193
3.29653
3.30938
3.32039
3.32952
3.33671
3.3419
3.34504
3.34609
3.345
3.34174
3.33627
3.32857
3.3186
3.30636
3.29181
3.27495
3.25578
3.23429
3.21049
3.18438
3.15598
3.1253
3.09238
3.05723
3.0199
2.98042
2.93883
2.89519
2.84954
2.80195
2.75248
2.7012
2.64817
2.59348
2.5372
2.47942
2.42023
2.35972
2.29798
2.23512
2.17123
2.10642
2.04081
1.97449
1.90758
1.8402
1.77247
1.70449
1.6364
1.5683
1.50033
1.4326
1.36523
1.29835
1.23208
1.16655
1.10186
1.03814
0.975508
0.914081
0.853974
0.795299
0.738165
0.682681
0.628952
0.577078
0.52716
0.479292
0.433565
0.390067
0.348881
0.310086
0.273758
0.239965
0.208774
0.180245
0.154432
0.131386
0.111153
0.0937698
0.0792722
0.067688
0.05904
0.0533454
0.0506153
0.0508556
0.0540661
0.060241
0.0693687
0.0814319
0.0964078
0.114268
0.134978
0.158499
0.184785
0.213786
0.245448
0.279709
0.316505
0.355765
0.397415
0.441374
0.487561
0.535888
0.586262
0.63859
0.692772
0.748706
0.806288
0.86541
0.925961
0.987829
1.0509
1.11505
1.18017
1.24614
1.31284
1.38014
1.44792
1.51606
1.58443
1.65292
1.7214
1.78975
1.85785
1.92558
1.99282
2.05945
2.12537
2.19045
2.25458
2.31767
2.37959
2.44026
2.49957
2.55743
2.61374
2.66841
2.72137
2.77252
2.8218
2.86912
2.91443
2.95765
2.99873
3.03761
3.07425
3.10859
3.14061
3.17025
3.1975
3.22232
3.2447
3.26462
3.28206
3.29704
3.30953
3.31955
3.32711
3.33222
3.3349
3.33516
3.33305
3.32859
3.32182
3.31277
3.3015
3.28805
3.27247
3.25482
3.23517
3.21356
3.19007
3.16478
3.13774
3.10904
3.07875
3.04695
3.01372
2.97916
2.94334
2.90634
2.86827
2.8292
2.78923
2.74845
2.70695
2.66482
2.62216
2.57906
2.53561
2.49189
2.44801
2.40405
2.36011
2.31626
2.27259
2.2292
2.18616
2.14356
2.10148
2.05999
2.01917
1.97909
1.93983
1.90144
1.864
1.82758
1.79222
1.75798
1.72493
1.6931
1.66255
1.63332
1.60544
1.57897
1.55393
1.53034
1.50825
1.48767
1.46861
1.45111
1.43516
1.42079
1.40799
1.39677
1.38712
1.37905
1.37254
1.3676
1.36419
1.36231
1.36193
1.36304
1.36561
1.36961
1.37501
1.38178
1.38988
1.39928
1.40993
1.42179
1.43483
1.44899
1.46422
1.48049
1.49773
1.5159
1.53495
1.55482
1.57545
1.5968
1.6188
1.6414
1.66454
1.68818
1.71224
1.73667
1.76142
1.78643
1.81164
1.837
1.86245
1.88794
1.91341
1.93882
1.96411
1.98922
2.01412
2.03876
2.06308
2.08705
2.11061
2.13373
2.15637
2.17849
2.20005
2.22103
2.24137
2.26107
2.28008
2.29838
2.31594
2.33275
2.34877
2.364
2.37842
2.39201
2.40476
2.41665
2.42769
2.43786
2.44716
2.45558
2.46313
2.46981
2.47562
2.48056
2.48464
2.48788
2.49027
2.49183
2.49257
2.49251
2.49166
2.49004
2.48766
2.48455
2.48073
