4
3.9984
3.9936
3.98562
3.97447
3.96017
3.94274
3.92224
3.89869
3.87214
3.84265
3.81027
3.77507
3.73712
3.69649
3.65327
3.60753
3.55938
3.5089
3.4562
3.40137
3.34453
3.28578
3.22524
3.16303
3.09927
3.03408
2.96759
2.89992
2.8312
2.76157
2.69115
2.62008
2.54849
2.47652
2.4043
2.33196
2.25963
2.18746
2.11556
2.04407
1.97311
1.90282
1.83331
1.76471
1.69713
1.63069
1.56551
1.50168
1.43932
1.37852
1.31939
1.26201
1.20648
1.15287
1.10127
1.05175
1.00438
0.959224
0.916338
0.875777
0.837589
0.801816
0.768496
0.737659
0.709332
0.683534
0.660282
0.639583
0.621441
0.605856
0.592819
0.582319
0.574337
0.568852
0.565834
0.565252
0.567068
0.57124
0.577721
0.58646
0.597402
0.610489
0.625656
0.642839
0.661966
0.682965
0.70576
0.730272
0.75642
0.78412
0.813286
0.84383
0.875664
0.908697
0.942837
0.977992
1.01407
1.05097
1.08861
1.12688
1.1657
1.20498
1.24461
1.28452
1.3246
1.36477
1.40494
1.44502
1.48494
1.52461
1.56394
1.60287
1.64132
1.67921
1.71648
1.75306
1.78889
1.82391
1.85806
1.89129
1.92354
1.95478
1.98496
2.01404
2.04199
2.06877
2.09436
2.11873
2.14186
2.16374
2.18435
2.20369
2.22174
2.23851
2.25399
2.26819
2.28112
2.29279
2.30321
2.3124
2.32039
2.32718
2.33281
2.3373
2.3407
2.34302
2.3443
2.34458
2.34389
2.34229
2.3398
2.33647
2.33235
2.32748
2.3219
2.31567
2.30882
2.30141
2.29348
2.28508
2.27626
2.26706
2.25754
2.24773
2.23768
2.22745
2.21706
2.20657
2.19601
2.18543
2.17487
2.16435
2.15392
2.14361
2.13346
2.12349
2.11373
2.1042
2.09494
2.08596
2.07729
2.06894
2.06093
2.05328
2.04598
2.03906
2.03252
2.02637
2.02061
2.01523
2.01025
2.00566
2.00144
1.9976
1.99413
1.99102
1.98825
1.98581
1.98369
1.98187
1.98033
1.97905
1.97803
1.97722
1.97662
1.9762
1.97594
1.97581
1.97578
1.97585
1.97598
1.97614
1.97632
1.97648
1.97661
1.97669
1.97668
1.97656
1.97632
1.97594
1.97539
1.97465
1.97371
1.97255
1.97116
1.96952
1.96762
1.96545
1.963
1.96026
1.95722
1.95389
1.95026
1.94633
1.94209
1.93756
1.93274
1.92762
1.92224
1.91658
1.91067
1.90452
1.89814
1.89156
1.88479
1.87784
1.87076
1.86355
1.85624
1.84887
1.84145
1.83402
1.82661
1.81926
1.81198
1.80482
1.79781
1.79098
1.78438
1.77803
1.77197
1.76625
1.76088
1.75592
1.7514
1.74735
1.74381
1.74082
1.7384
1.7366
1.73544
1.73496
1.73519
1.73615
1.73787
1.74039
1.74372
1.74789
1.75292
1.75883
1.76564
1.77336
1.782
1.79158
1.80211
1.81358
1.82601
1.8394
1.85375
1.86904
1.88528
1.90246
1.92056
1.93957
1.95947
1.98025
2.00188
2.02433
2.04758
2.0716
2.09635
2.1218
2.14792
2.17465
2.20196
2.22981
2.25814
2.2869
2.31605
2.34553
2.37528
2.40526
2.43539
2.46561
2.49588
2.52612
2.55627
2.58626
2.61603
2.64551
2.67463
2.70332
2.73153
2.75917
2.78618
2.8125
2.83804
2.86276
2.88657
2.90941
2.93123
2.95194
2.9715
2.98984
3.00689
3.02261
3.03693
3.04981
3.06118
3.071
3.07923
3.08581
3.0907
3.09387
3.09528
3.0949
3.09268
3.08862
3.08268
3.07484
3.06509
3.05341
3.03979
3.02423
3.00673
2.98727
2.96588
2.94256
2.91731
2.89017
2.86114
2.83025
2.79754
2.76302
2.72674
2.68874
2.64906
2.60774
2.56484
2.52041
2.47451
2.42719
2.37853
2.32858
2.27742
2.22511
2.17175
2.1174
2.06214
2.00606
1.94925
1.89179
1.83377
1.77528
1.71642
1.65727
1.59795
1.53854
1.47913
1.41984
1.36076
1.30199
1.24363
1.18578
1.12854
1.072
1.01628
0.96146
0.907645
0.85493
0.80341
0.753178
0.704327
0.656945
0.611121
0.566941
0.524488
0.483842
0.445082
0.408283
0.373516
0.340851
0.310353
0.282085
0.256104
0.232466
0.211221
0.192417
0.176097
0.162298
0.151056
0.142401
0.136358
0.132948
0.132189
0.134093
0.138667
0.145913
0.155831
0.168413
0.183648
0.201521
0.222011
0.245092
0.270735
0.298906
0.329565
0.362669
0.39817
0.436017
0.476152
0.518515
0.563042
0.609664
0.658308
0.7089
0.761359
0.815602
0.871543
0.929092
0.988159
1.04865
1.11046
1.17349
1.23765
1.30282
1.3689
1.43579
1.50337
1.57153
1.64016
1.70915
1.77838
1.84775
1.91713
1.98642
2.05549
2.12425
2.19257
2.26034
2.32745
2.39379
2.45926
2.52375
2.58716
2.64938
2.71031
2.76985
2.82792
2.88441
2.93925
2.99234
3.04361
3.09297
3.14035
3.18568
3.22889
3.26991
3.3087
3.34519
3.37933
3.41109
3.44041
3.46726
3.4916
3.51342
3.53269
3.54939
3.56351
3.57505
