3.8157e-29
6.39872e-07
1.02318e-05
5.17467e-05
0.000163316
0.000398001
0.000823472
0.0015216
0.00258793
0.00413113
0.00627226
0.00914405
0.01289
0.0176634
0.0236266
0.0309493
0.039808
0.0503844
0.0628643
0.0774358
0.0942885
0.113611
0.135592
0.160413
0.188254
0.219287
0.253675
0.291572
0.33312
0.378448
0.427671
0.480886
0.538173
0.599594
0.66519
0.73498
0.80896
0.887103
0.969358
1.05565
1.14587
1.2399
1.33758
1.43874
1.54315
1.6506
1.76083
1.87355
1.98847
2.10525
2.22356
2.34302
2.46326
2.58387
2.70445
2.82457
2.94381
3.06173
3.17789
3.29185
3.40316
3.5114
3.61614
3.71695
3.81344
3.90521
3.99189
4.07312
4.14858
4.21795
4.28096
4.33736
4.38691
4.42944
4.46477
4.49279
4.51339
4.52653
4.53217
4.53032
4.52104
4.50439
4.4805
4.44948
4.41154
4.36685
4.31566
4.25821
4.19479
4.1257
4.05125
3.97178
3.88765
3.79923
3.70688
3.61098
3.51194
3.41014
3.30596
3.19981
3.09207
2.98312
2.87333
2.76307
2.65269
2.54253
2.4329
2.32413
2.21651
2.1103
2.00576
1.90314
1.80265
1.70448
1.60882
1.51582
1.42562
1.33834
1.25408
1.17292
1.09492
1.02013
0.948578
0.880273
0.815214
0.753387
0.694761
0.639297
0.586942
0.537634
0.491303
0.44787
0.407249
0.369348
0.334072
0.301318
0.270984
0.242963
0.217147
0.193426
0.171692
0.151836
0.13375
0.117327
0.102463
0.0890559
0.0770066
0.0662184
0.0565985
0.0480574
0.0405091
0.0338718
0.0280675
0.0230221
0.0186658
0.0149327
0.0117608
0.00909229
0.00687316
0.00505323
0.00358603
0.00242866
0.0015417
0.00088905
0.000437753
0.000157881
2.23539e-05
6.78708e-06
8.93248e-05
0.000250481
0.000472981
0.000741601
0.00104302
0.00136565
0.00169955
0.00203619
0.00236842
0.00269027
0.00299689
0.00328436
0.00354967
0.00379055
0.00400544
0.00419334
0.00435379
0.00448674
0.00459254
0.00467184
0.00472557
0.00475484
0.00476096
0.00474533
0.00470948
0.00465498
0.00458344
0.0044965
0.00439577
0.00428286
0.00415934
0.00402671
0.00388646
0.00373997
0.00358857
0.00343354
0.00327604
0.00311719
0.00295802
0.00279948
0.00264243
0.00248768
0.00233595
0.00218788
0.00204404
0.00190494
0.00177102
0.00164266
0.00152015
0.00140374
0.00129364
0.00118997
0.00109282
0.00100222
0.000918159
0.000840594
0.000769432
0.000704551
0.000645805
0.000593023
0.00054602
0.000504604
0.000468583
0.000437774
0.000412011
0.000391159
0.000375122
0.000363856
0.000357385
0.000355808
0.00035932
0.000368225
0.000382949
0.00040406
0.000432281
0.000468506
0.00051382
0.000569509
0.000637079
0.000718268
0.000815061
0.000929698
0.00106469
0.00122282
0.00140715
0.00162103
0.00186809
0.00215226
0.00247773
0.00284895
0.00327066
0.00374781
0.00428557
0.00488933
0.00556463
0.00631716
0.0071527
0.00807711
0.00909625
0.010216
0.0114421
0.0127802
0.0142358
0.0158141
0.0175202
0.0193585
0.0213332
0.0234481
0.0257062
0.0281103
0.0306621
0.0333629
0.036213
0.0392121
0.0423588
0.0456508
0.049085
0.052657
0.0563615
0.0601921
0.0641412
0.0682002
0.0723591
0.076607
0.0809315
0.0853193
0.0897557
0.0942251
0.0987104
0.103194
0.107656
0.112078
0.116437
0.120712
0.124881
0.128919
0.132803
0.136508
0.140009
0.14328
0.146296
0.149032
0.151461
0.153559
0.155301
0.156664
0.157623
0.158158
0.158247
0.157873
0.157017
0.155666
0.153807
0.15143
0.148531
0.145105
0.141154
0.136684
0.131705
0.126232
0.120286
0.113894
0.107088
0.0999094
0.0924044
0.0846283
0.0766441
0.0685234
0.060347
0.0522051
0.0441978
0.0364354
0.0290389
0.0221403
0.0158826
0.0104205
0.00592037
0.0025604
0.000530659
3.31968e-05
0.00128193
0.00450254
0.00993222
0.0178194
0.0284233
0.0420135
0.0588692
0.0792786
0.103538
0.131951
0.164826
0.202479
0.245227
0.29339
0.347288
0.407241
0.473565
0.546571
0.626564
0.713838
0.808679
0.911355
1.02212
1.14122
1.26886
1.40523
1.55051
1.70483
1.86831
2.04101
2.22298
2.41423
2.61471
2.82436
3.04306
3.27064
3.5069
3.75157
4.00437
4.26494
4.53288
4.80775
5.08904
5.37623
5.66871
5.96585
6.26697
6.57136
6.87825
7.18684
7.4963
7.80577
8.11436
8.42114
8.7252
9.02556
9.32129
9.61139
9.89491
10.1709
10.4383
10.6963
10.944
11.1803
11.4045
11.6156
11.813
11.9958
12.1634
12.315
12.4501
12.5681
12.6686
12.7511
12.8153
12.8609
12.8877
12.8956
12.8845
12.8545
12.8056
12.738
12.6521
12.548
12.4262
12.2871
12.1313
11.9594
11.772
11.5698
11.3535
11.124
10.8821
10.6286
10.3646
10.0909
9.80857
9.51849
9.22168
8.91916
8.61192
8.30096
7.98727
7.67182
7.35557
7.03945
6.72438
6.41122
6.10082
5.79398
5.49147
5.194
4.90225
4.61684
4.33834
4.0673
3.80417
3.54938
3.3033
3.06625
2.83849
2.62025
2.41168
2.21289
2.02397
1.84494
1.67577
1.5164
1.36675
1.22666
1.09597
0.974481
0.861961
0.758157
0.662787
0.575554
0.49614
0.424214
0.359432
0.301439
0.249875
0.204372
0.164564
0.130079
0.10055
0.0756131
0.0549085
0.0380838
0.0247948
0.0147068
0.00749612
0.00285064
0.000471141
