1.4645e-16
1.47416e-16
1.50306e-16
1.55103e-16
1.61776e-16
1.70282e-16
1.80567e-16
1.92563e-16
2.06193e-16
2.21366e-16
2.37982e-16
2.55927e-16
2.75079e-16
2.95305e-16
3.16462e-16
3.38398e-16
3.60955e-16
3.83964e-16
4.07252e-16
4.3064e-16
4.53945e-16
4.7698e-16
4.99557e-16
5.21487e-16
5.42584e-16
5.62662e-16
5.81542e-16
5.99049e-16
6.15015e-16
6.29285e-16
6.41711e-16
6.52158e-16
6.60507e-16
6.66653e-16
6.70506e-16
6.71997e-16
6.71074e-16
6.67704e-16
6.61876e-16
6.53599e-16
6.42902e-16
6.29836e-16
6.14473e-16
5.96904e-16
5.7724e-16
5.55611e-16
5.32163e-16
5.0706e-16
4.80479e-16
4.5261e-16
4.23653e-16
3.93817e-16
3.63318e-16
3.32375e-16
3.01209e-16
2.7004e-16
2.39086e-16
2.08559e-16
1.78664e-16
1.49595e-16
1.21535e-16
9.46537e-17
6.91042e-17
4.50237e-17
2.25308e-17
1.72497e-18
-1.73144e-17
-3.45285e-17
-4.98793e-17
-6.33499e-17
-7.49437e-17
-8.46843e-17
-9.26149e-17
-9.87969e-17
-1.03309e-16
-1.06245e-16
-1.07715e-16
-1.07839e-16
-1.0675e-16
-1.04588e-16
-1.01501e-16
-9.76431e-17
-9.31685e-17
-8.82343e-17
-8.2996e-17
-7.76066e-17
-7.22142e-17
-6.6961e-17
-6.19816e-17
-5.74015e-17
-5.33365e-17
-4.9891e-17
-4.71581e-17
-4.52184e-17
-4.41399e-17
-4.3978e-17
-4.4775e-17
-4.65608e-17
-4.93533e-17
-5.31583e-17
-5.79709e-17
-6.37758e-17
-7.05484e-17
-7.82555e-17
-8.68567e-17
-9.6305e-17
-1.06548e-16
-1.17531e-16
-1.29192e-16
-1.41472e-16
-1.54306e-16
-1.67633e-16
-1.8139e-16
-1.95517e-16
-2.09955e-16
-2.24647e-16
-2.39541e-16
-2.54588e-16
-2.69742e-16
-2.84961e-16
-3.00206e-16
-3.15445e-16
-3.30646e-16
-3.45784e-16
-3.60834e-16
-3.75776e-16
-3.90592e-16
-4.05266e-16
-4.19785e-16
-4.34136e-16
-4.48307e-16
-4.62286e-16
-4.76062e-16
-4.89623e-16
-5.02957e-16
-5.16048e-16
-5.28883e-16
-5.41444e-16
-5.53711e-16
-5.65663e-16
-5.77276e-16
-5.88525e-16
-5.99381e-16
-6.09813e-16
-6.19787e-16
-6.29269e-16
-6.3822e-16
-6.466e-16
-6.54368e-16
-6.6148e-16
-6.67892e-16
-6.73558e-16
-6.7843e-16
-6.82461e-16
-6.85603e-16
-6.87808e-16
-6.89028e-16
-6.89217e-16
-6.88327e-16
-6.86314e-16
-6.83135e-16
-6.78748e-16
-6.73114e-16
-6.66198e-16
-6.57965e-16
-6.48386e-16
-6.37436e-16
-6.25094e-16
-6.11343e-16
-5.96172e-16
-5.79575e-16
-5.61552e-16
-5.4211e-16
-5.21261e-16
-4.99026e-16
-4.75431e-16
-4.50511e-16
-4.24306e-16
-3.96867e-16
-3.6825e-16
-3.38519e-16
-3.07745e-16
-2.76006e-16
-2.43387e-16
-2.09979e-16
-1.75878e-16
-1.41186e-16
-1.06009e-16
-7.04547e-17
-3.46356e-17
1.33573e-18
3.73463e-17
7.32835e-17
1.09037e-16
1.445e-16
1.79569e-16
2.14146e-16
2.48142e-16
2.81474e-16
3.14068e-16
3.4586e-16
3.76797e-16
4.06839e-16
4.35956e-16
4.64133e-16
4.91367e-16
5.17666e-16
5.43056e-16
5.67572e-16
5.91264e-16
6.1419e-16
6.36424e-16
6.58047e-16
6.79148e-16
6.99826e-16
7.20183e-16
7.40328e-16
7.6037e-16
7.80418e-16
8.00583e-16
8.20969e-16
8.41676e-16
8.62796e-16
8.84414e-16
9.066e-16
9.29415e-16
9.52903e-16
9.77095e-16
1.002e-15
1.02762e-15
1.05393e-15
1.08088e-15
1.10842e-15
1.13646e-15
1.16491e-15
1.19365e-15
1.22255e-15
1.25146e-15
1.28022e-15
1.30866e-15
1.3366e-15
1.36383e-15
1.39018e-15
1.41543e-15
1.43938e-15
1.46185e-15
1.48263e-15
1.50154e-15
1.51841e-15
1.53307e-15
1.54538e-15
1.55521e-15
1.56244e-15
1.56699e-15
1.56879e-15
1.56779e-15
1.56399e-15
1.55738e-15
1.54799e-15
1.53589e-15
1.52116e-15
1.5039e-15
1.48425e-15
1.46235e-15
1.43838e-15
1.41252e-15
1.38498e-15
1.35599e-15
1.32577e-15
1.29456e-15
1.26259e-15
1.23013e-15
1.1974e-15
1.16466e-15
1.13213e-15
1.10004e-15
1.0686e-15
1.03801e-15
1.00845e-15
9.80087e-16
9.53056e-16
9.27477e-16
9.03446e-16
8.81033e-16
8.60283e-16
8.41217e-16
8.23827e-16
8.08085e-16
7.93934e-16
7.81295e-16
7.70069e-16
7.60134e-16
7.51348e-16
7.43556e-16
7.36586e-16
7.30252e-16
7.24362e-16
7.18713e-16
7.13101e-16
7.07316e-16
7.01151e-16
6.94403e-16
6.86873e-16
6.78371e-16
6.68719e-16
6.5775e-16
6.45311e-16
6.31269e-16
6.15507e-16
5.97927e-16
5.78454e-16
5.57032e-16
5.33629e-16
5.08235e-16
4.80864e-16
4.51552e-16
4.20355e-16
3.87355e-16
3.52651e-16
3.16364e-16
2.78633e-16
2.39614e-16
1.99478e-16
1.5841e-16
1.16609e-16
7.42797e-17
3.16384e-17
-1.10948e-17
-5.36961e-17
-9.59402e-17
-1.37603e-16
-1.78464e-16
-2.18307e-16
-2.56923e-16
-2.94116e-16
-3.29697e-16
-3.63492e-16
-3.95344e-16
-4.25109e-16
-4.52664e-16
-4.77904e-16
-5.00744e-16
-5.21122e-16
-5.38995e-16
-5.54346e-16
-5.67177e-16
-5.77515e-16
-5.8541e-16
-5.90931e-16
-5.94172e-16
-5.95246e-16
-5.94286e-16
-5.91443e-16
-5.86886e-16
-5.80798e-16
-5.73378e-16
-5.64834e-16
-5.55386e-16
-5.45259e-16
-5.34686e-16
-5.23902e-16
-5.13141e-16
-5.02636e-16
-4.92618e-16
-4.83309e-16
-4.74922e-16
-4.67659e-16
-4.61711e-16
-4.5725e-16
-4.54435e-16
-4.53404e-16
-4.54274e-16
-4.57144e-16
-4.62087e-16
-4.69156e-16
-4.7838e-16
-4.89764e-16
-5.0329e-16
-5.18917e-16
-5.36582e-16
-5.562e-16
-5.77668e-16
-6.00862e-16
-6.25642e-16
-6.51855e-16
-6.79333e-16
-7.07898e-16
-7.37363e-16
-7.67537e-16
-7.98225e-16
-8.2923e-16
-8.60359e-16
-8.91421e-16
-9.22233e-16
-9.5262e-16
-9.82418e-16
-1.01148e-15
-1.03966e-15
-1.06684e-15
-1.09292e-15
-1.11781e-15
-1.14144e-15
-1.16377e-15
-1.18475e-15
-1.20439e-15
-1.22267e-15
-1.23963e-15
-1.25529e-15
-1.26972e-15
-1.28296e-15
-1.2951e-15
-1.3062e-15
-1.31637e-15
-1.32568e-15
-1.33423e-15
-1.34211e-15
-1.34941e-15
-1.3562e-15
-1.36256e-15
-1.36855e-15
-1.37423e-15
-1.37964e-15
-1.38479e-15
-1.38971e-15
-1.39439e-15
-1.3988e-15
-1.40291e-15
-1.40667e-15
-1.40999e-15
-1.41281e-15
-1.41502e-15
-1.41652e-15
-1.41718e-15
-1.41687e-15
-1.41548e-15
-1.41285e-15
-1.40886e-15
-1.40337e-15
-1.39624e-15
-1.38736e-15
-1.37661e-15
-1.3639e-15
-1.34913e-15
-1.33224e-15
-1.31317e-15
-1.29191e-15
-1.26843e-15
-1.24277e-15
-1.21496e-15
-1.18507e-15
-1.15319e-15
-1.11943e-15
-1.08394e-15
-1.04687e-15
-1.00842e-15
-9.68781e-16
-9.28182e-16
-8.86859e-16
-8.45061e-16
-8.03049e-16
-7.61088e-16
-7.1945e-16
-6.78406e-16
-6.38224e-16
-5.99166e-16
-5.61484e-16
-5.25418e-16
-4.91192e-16
-4.59013e-16
-4.29064e-16
-4.01506e-16
-3.76475e-16
-3.54078e-16
-3.34394e-16
-3.17471e-16
-3.03329e-16
-2.91953e-16
-2.83301e-16
-2.77298e-16
-2.73841e-16
-2.72797e-16
-2.74008e-16
-2.77291e-16
-2.82437e-16
-2.89222e-16
-2.97399e-16
-3.06711e-16
-3.16885e-16
-3.27641e-16
-3.38695e-16
-3.49758e-16
-3.60543e-16
-3.70769e-16
-3.80158e-16
-3.88446e-16
-3.95379e-16
-4.00722e-16
-4.04253e-16
-4.05775e-16
-4.05109e-16
-4.02101e-16
-3.96624e-16
-3.88572e-16
-3.7787e-16
-3.64468e-16
-3.48344e-16
-3.295e-16
-3.07969e-16
-2.83806e-16
-2.57092e-16
-2.27932e-16
-1.96451e-16
-1.62797e-16
-1.27133e-16
-8.96424e-17
-5.052e-17
-9.97388e-18
3.17782e-17
7.45107e-17
1.17993e-16
1.61992e-16
2.06274e-16
2.50605e-16
2.94758e-16
3.38511e-16
3.81648e-16
4.23966e-16
4.65271e-16
5.05384e-16
5.44141e-16
5.81391e-16
6.17004e-16
6.50866e-16
6.82881e-16
7.12973e-16
7.41087e-16
7.67185e-16
7.91252e-16
8.13289e-16
8.33318e-16
8.51381e-16
8.67535e-16
8.81855e-16
8.94433e-16
9.05374e-16
9.14797e-16
9.22833e-16
9.29623e-16
9.35317e-16
9.40073e-16
9.44051e-16
9.47417e-16
9.50339e-16
9.52981e-16
9.55509e-16
9.58082e-16
9.60854e-16
9.63971e-16
9.6757e-16
9.71776e-16
9.76704e-16
9.82453e-16
9.89109e-16
9.96739e-16
1.0054e-15
1.01512e-15
1.02592e-15
1.0378e-15
1.05074e-15
1.06471e-15
1.07965e-15
1.09549e-15
1.11214e-15
1.1295e-15
1.14746e-15
1.16588e-15
1.18464e-15
1.20357e-15
1.22254e-15
1.24136e-15
1.25988e-15
1.27794e-15
1.29537e-15
1.31199e-15
1.32767e-15
1.34223e-15
1.35555e-15
1.36748e-15
1.3779e-15
1.3867e-15
1.3938e-15
1.39911e-15
1.40256e-15
1.40412e-15
1.40375e-15
1.40144e-15
1.39721e-15
1.39108e-15
1.38309e-15
1.37329e-15
1.36176e-15
1.3486e-15
1.33388e-15
1.31774e-15
1.30028e-15
1.28164e-15
1.26195e-15
1.24134e-15
1.21995e-15
1.19793e-15
1.1754e-15
1.15251e-15
1.12938e-15
1.10614e-15
1.08288e-15
1.05972e-15
1.03675e-15
1.01404e-15
9.91668e-16
9.69679e-16
9.48115e-16
9.27002e-16
9.06353e-16
8.86168e-16
8.66435e-16
8.4713e-16
8.28218e-16
8.09656e-16
7.9139e-16
7.73363e-16
7.5551e-16
7.37764e-16
7.20054e-16
7.02309e-16
6.8446e-16
6.6644e-16
6.48186e-16
6.29639e-16
6.10748e-16
5.91469e-16
5.71766e-16
5.51614e-16
5.30996e-16
5.09906e-16
4.88349e-16
4.66338e-16
4.439e-16
4.21069e-16
3.97889e-16
3.74415e-16
3.50706e-16
3.26832e-16
3.02865e-16
2.78886e-16
2.54975e-16
2.31218e-16
2.07701e-16
1.8451e-16
1.61728e-16
1.39437e-16
1.17716e-16
9.66385e-17
7.6272e-17
5.66785e-17
3.79127e-17
2.00218e-17
3.04545e-18
-1.29851e-17
-2.80468e-17
-4.21243e-17
-5.52105e-17
-6.73057e-17
-7.84173e-17
-8.85595e-17
-9.7752e-17
-1.0602e-16
-1.13392e-16
-1.19903e-16
-1.25587e-16
-1.30481e-16
-1.34625e-16
-1.38056e-16
-1.40812e-16
-1.42929e-16
-1.44442e-16
-1.45381e-16
-1.45775e-16
-1.45647e-16
-1.45018e-16
-1.43904e-16
-1.42317e-16
-1.40263e-16
-1.37744e-16
-1.34761e-16
-1.31307e-16
-1.27373e-16
-1.22947e-16
-1.18014e-16
-1.12557e-16
-1.06557e-16
-9.99946e-17
-9.28482e-17
-8.50975e-17
-7.67224e-17
-6.77038e-17
-5.80244e-17
-4.76688e-17
-3.66242e-17
-2.48806e-17
-1.24312e-17
7.2717e-19
1.45942e-17
2.91656e-17
4.44332e-17
6.03847e-17
7.7004e-17
9.4271e-17
1.12161e-16
1.30648e-16
1.49698e-16
1.69279e-16
1.89351e-16
2.09873e-16
2.30801e-16
2.5209e-16
2.73689e-16
2.95547e-16
3.17611e-16
3.39826e-16
3.62135e-16
3.84478e-16
4.06797e-16
4.2903e-16
4.51116e-16
4.7299e-16
4.94591e-16
5.15852e-16
5.36711e-16
5.57103e-16
5.76963e-16
5.96229e-16
6.14837e-16
6.32726e-16
6.49837e-16
6.66111e-16
6.81494e-16
6.95934e-16
7.09383e-16
7.21796e-16
7.33135e-16
7.43366e-16
7.52461e-16
7.60399e-16
7.67165e-16
7.72755e-16
7.77168e-16
7.80417e-16
7.8252e-16
7.83507e-16
7.83414e-16
7.8229e-16
7.80191e-16
7.77185e-16
7.73345e-16
7.68757e-16
7.63511e-16
7.57707e-16
7.51452e-16
7.44857e-16
7.38037e-16
7.31114e-16
7.24208e-16
7.17443e-16
7.10941e-16
7.04822e-16
6.99205e-16
6.94201e-16
6.89916e-16
6.86448e-16
6.83888e-16
6.82313e-16
6.81792e-16
6.82378e-16
6.84112e-16
6.87021e-16
6.91117e-16
6.96395e-16
7.02834e-16
7.10401e-16
7.19042e-16
7.28692e-16
7.39267e-16
7.50673e-16
7.62799e-16
7.75525e-16
7.88718e-16
8.02237e-16
8.15931e-16
8.29645e-16
8.43217e-16
8.56486e-16
8.69285e-16
8.81452e-16
8.92826e-16
9.03251e-16
9.12578e-16
9.20663e-16
9.27377e-16
9.32597e-16
9.36215e-16
9.38138e-16
9.38284e-16
9.36589e-16
9.33005e-16
9.275e-16
9.20061e-16
9.10689e-16
8.99404e-16
8.86242e-16
8.71257e-16
8.54516e-16
8.36104e-16
8.16117e-16
7.94666e-16
7.71874e-16
7.47874e-16
7.2281e-16
6.96833e-16
6.70101e-16
6.42777e-16
6.1503e-16
5.87029e-16
5.58948e-16
5.30957e-16
5.03228e-16
4.75929e-16
4.49225e-16
4.23275e-16
3.98235e-16
3.74251e-16
3.51464e-16
3.30006e-16
3.1e-16
2.91558e-16
2.74782e-16
2.59765e-16
2.46587e-16
2.35315e-16
2.26006e-16
2.18703e-16
2.13437e-16
2.10226e-16
2.09073e-16
2.0997e-16
2.12893e-16
2.17806e-16
2.24659e-16
2.33389e-16
2.43917e-16
2.56154e-16
2.69994e-16
2.85322e-16
3.02009e-16
3.19912e-16
3.38879e-16
3.58748e-16
3.79343e-16
4.00484e-16
4.21979e-16
4.4363e-16
4.65235e-16
4.86585e-16
5.0747e-16
5.27678e-16
5.46997e-16
5.65217e-16
5.82132e-16
5.97541e-16
6.11252e-16
6.23079e-16
6.3285e-16
6.40405e-16
6.45597e-16
6.48299e-16
6.48398e-16
6.45801e-16
6.40438e-16
6.32257e-16
6.21232e-16
6.07356e-16
5.90648e-16
5.71152e-16
5.48934e-16
5.24082e-16
4.96708e-16
4.66948e-16
4.34956e-16
4.00905e-16
3.64989e-16
3.27415e-16
2.88405e-16
2.48192e-16
2.0702e-16
1.65139e-16
1.22803e-16
8.0267e-17
3.77866e-17
-4.38719e-18
-4.60097e-17
-8.68448e-17
-1.26668e-16
-1.65267e-16
-2.02448e-16
-2.38032e-16
-2.7186e-16
-3.03793e-16
-3.33715e-16
-3.61531e-16
-3.8717e-16
-4.10585e-16
-4.3175e-16
-4.50663e-16
-4.67344e-16
-4.81835e-16
-4.94197e-16
-5.04509e-16
-5.12868e-16
-5.19386e-16
-5.24188e-16
-5.27409e-16
-5.29193e-16
-5.29691e-16
-5.29056e-16
-5.27447e-16
-5.25017e-16
-5.21921e-16
-5.18308e-16
-5.14318e-16
-5.10086e-16
-5.05737e-16
-5.01382e-16
-4.97122e-16
-4.93046e-16
-4.89228e-16
-4.85727e-16
-4.82591e-16
-4.79851e-16
-4.77527e-16
-4.75625e-16
-4.7414e-16
-4.73054e-16
-4.72341e-16
-4.71967e-16
-4.71889e-16
-4.72059e-16
-4.72425e-16
-4.72934e-16
-4.73529e-16
-4.74156e-16
-4.74761e-16
-4.75294e-16
-4.75711e-16
-4.7597e-16
-4.76038e-16
-4.75889e-16
-4.75504e-16
-4.74872e-16
-4.73991e-16
-4.72867e-16
-4.71513e-16
-4.69951e-16
-4.6821e-16
-4.66325e-16
-4.64337e-16
-4.6229e-16
-4.60235e-16
-4.58221e-16
-4.56301e-16
-4.54526e-16
-4.52946e-16
-4.5161e-16
-4.50561e-16
-4.49835e-16
-4.49466e-16
-4.49476e-16
-4.49883e-16
-4.50692e-16
-4.51901e-16
-4.53496e-16
-4.55454e-16
-4.57739e-16
-4.60306e-16
-4.631e-16
-4.66054e-16
-4.69092e-16
-4.72129e-16
-4.75073e-16
-4.77822e-16
-4.80271e-16
-4.82306e-16
-4.83812e-16
-4.84671e-16
-4.84763e-16
-4.83968e-16
-4.82168e-16
-4.79248e-16
-4.75096e-16
-4.69607e-16
-4.62682e-16
-4.5423e-16
-4.4417e-16
-4.3243e-16
-4.18949e-16
-4.03679e-16
-3.86584e-16
-3.6764e-16
-3.46838e-16
-3.24182e-16
-2.9969e-16
-2.73394e-16
-2.4534e-16
-2.15587e-16
-1.84208e-16
-1.51287e-16
-1.16921e-16
-8.122e-17
-4.43013e-17
-6.29343e-18
3.26671e-17
7.24365e-17
1.12865e-16
1.53797e-16
1.95076e-16
2.3654e-16
2.78028e-16
3.1938e-16
3.60438e-16
4.01046e-16
4.41053e-16
4.80317e-16
5.187e-16
5.56075e-16
5.92324e-16
6.2734e-16
6.61029e-16
6.93311e-16
7.24116e-16
7.53394e-16
7.81107e-16
8.07232e-16
8.31765e-16
8.54715e-16
8.76109e-16
8.95989e-16
9.14413e-16
9.31453e-16
9.47194e-16
9.61738e-16
9.75194e-16
9.87686e-16
9.99346e-16
1.01031e-15
1.02073e-15
1.03075e-15
1.04052e-15
1.0502e-15
1.05994e-15
1.06989e-15
1.08018e-15
1.09095e-15
1.10233e-15
1.11442e-15
1.12733e-15
1.14114e-15
1.15591e-15
1.1717e-15
1.18854e-15
1.20643e-15
1.22536e-15
1.24531e-15
1.26621e-15
1.28799e-15
1.31056e-15
1.3338e-15
1.35757e-15
1.38172e-15
1.40608e-15
1.43046e-15
1.45467e-15
1.4785e-15
1.50173e-15
1.52414e-15
1.54552e-15
1.56563e-15
1.58425e-15
1.60118e-15
1.61619e-15
1.62911e-15
1.63974e-15
1.64793e-15
1.65352e-15
1.6564e-15
1.65646e-15
1.65363e-15
1.64785e-15
1.6391e-15
1.62739e-15
1.61273e-15
1.5952e-15
1.57488e-15
1.55187e-15
1.52632e-15
1.49839e-15
1.46825e-15
1.43611e-15
1.40218e-15
1.36671e-15
1.32993e-15
1.2921e-15
1.25348e-15
1.21432e-15
1.1749e-15
1.13546e-15
1.09626e-15
1.05752e-15
1.01949e-15
9.82366e-16
9.46339e-16
9.11581e-16
8.78239e-16
8.46435e-16
8.16266e-16
7.87803e-16
7.61089e-16
7.3614e-16
7.12944e-16
6.91463e-16
6.71632e-16
6.53364e-16
6.36545e-16
6.21043e-16
6.06705e-16
5.93365e-16
5.80838e-16
5.68931e-16
5.57442e-16
5.46162e-16
5.34882e-16
5.23393e-16
5.11487e-16
4.98967e-16
4.8564e-16
4.7133e-16
4.55871e-16
4.39116e-16
4.20936e-16
4.01221e-16
3.79883e-16
3.56858e-16
3.32103e-16
3.056e-16
2.77354e-16
2.47397e-16
2.1578e-16
1.82579e-16
1.47891e-16
1.11833e-16
7.45415e-17
3.61688e-17
-3.11708e-18
-4.31352e-17
-8.36941e-17
-1.24594e-16
-1.65627e-16
-2.06586e-16
-2.47257e-16
-2.87431e-16
-3.269e-16
-3.65463e-16
-4.02925e-16
-4.39101e-16
-4.73819e-16
-5.06918e-16
-5.38251e-16
-5.67688e-16
-5.95115e-16
-6.20438e-16
-6.43577e-16
-6.64473e-16
-6.83088e-16
-6.99399e-16
-7.13406e-16
-7.25123e-16
-7.34587e-16
-7.41848e-16
-7.46975e-16
-7.50053e-16
-7.51179e-16
-7.50465e-16
-7.48035e-16
-7.44023e-16
-7.38572e-16
-7.31833e-16
-7.23964e-16
-7.15126e-16
-7.05484e-16
-6.95204e-16
-6.84452e-16
-6.73393e-16
-6.6219e-16
-6.51e-16
-6.39975e-16
-6.29261e-16
-6.18995e-16
-6.09306e-16
-6.00314e-16
-5.92126e-16
-5.84839e-16
-5.78539e-16
-5.73299e-16
-5.69178e-16
-5.66225e-16
-5.64473e-16
-5.63945e-16
-5.6465e-16
-5.66584e-16
-5.69733e-16
-5.7407e-16
-5.79559e-16
-5.86154e-16
-5.938e-16
-6.02435e-16
-6.11988e-16
-6.22385e-16
-6.33547e-16
-6.45391e-16
-6.57834e-16
-6.70791e-16
-6.84177e-16
-6.97912e-16
-7.11915e-16
-7.26113e-16
-7.40436e-16
-7.5482e-16
-7.69209e-16
-7.83555e-16
-7.97818e-16
-8.11966e-16
-8.25975e-16
-8.39832e-16
-8.53533e-16
-8.6708e-16
-8.80484e-16
-8.93766e-16
-9.0695e-16
-9.20068e-16
-9.33156e-16
-9.46253e-16
-9.594e-16
-9.7264e-16
-9.86014e-16
-9.99561e-16
-1.01331e-15
-1.02731e-15
-1.04156e-15
-1.05608e-15
-1.07089e-15
-1.08596e-15
-1.1013e-15
-1.11685e-15
-1.13259e-15
-1.14845e-15
-1.16436e-15
-1.18024e-15
-1.19598e-15
-1.21147e-15
-1.22659e-15
-1.24119e-15
-1.25514e-15
-1.26828e-15
-1.28044e-15
-1.29146e-15
-1.30117e-15
-1.30939e-15
-1.31596e-15
-1.32071e-15
-1.32349e-15
-1.32415e-15
-1.32255e-15
-1.31857e-15
-1.31211e-15
-1.30307e-15
-1.2914e-15
-1.27705e-15
-1.26e-15
-1.24026e-15
-1.21785e-15
-1.19284e-15
-1.16531e-15
-1.13538e-15
-1.10317e-15
-1.06886e-15
-1.03262e-15
-9.94673e-16
-9.55238e-16
-9.14563e-16
-8.72911e-16
-8.30556e-16
-7.87781e-16
-7.44877e-16
-7.02137e-16
-6.59854e-16
-6.18316e-16
-5.77806e-16
-5.38594e-16
-5.00937e-16
-4.65076e-16
-4.31229e-16
-3.99595e-16
-3.70343e-16
-3.4362e-16
-3.1954e-16
-2.98187e-16
-2.79614e-16
-2.63842e-16
-2.5086e-16
-2.40622e-16
-2.33054e-16
-2.28048e-16
-2.25469e-16
-2.25153e-16
-2.26911e-16
-2.30531e-16
-2.35781e-16
-2.4241e-16
-2.50155e-16
-2.5874e-16
-2.67882e-16
-2.77293e-16
-2.86685e-16
-2.95773e-16
-3.04277e-16
-3.11927e-16
-3.18463e-16
-3.23644e-16
-3.27243e-16
-3.29056e-16
-3.289e-16
-3.26614e-16
-3.22067e-16
-3.15151e-16
-3.05787e-16
-2.93922e-16
-2.79533e-16
-2.62623e-16
-2.43224e-16
-2.2139e-16
-1.97205e-16
-1.70773e-16
-1.4222e-16
-1.11695e-16
-7.93595e-17
-4.53952e-17
-9.9951e-18
2.66368e-17
6.42879e-17
1.0274e-16
1.41771e-16
1.81157e-16
2.20678e-16
2.60113e-16
2.99252e-16
3.37887e-16
3.75822e-16
4.12873e-16
4.48866e-16
4.8364e-16
5.17051e-16
5.48968e-16
5.79276e-16
6.07879e-16
6.34694e-16
6.59656e-16
6.82717e-16
7.03844e-16
7.2302e-16
7.40245e-16
7.55529e-16
7.68901e-16
7.80398e-16
7.90073e-16
7.97985e-16
8.04208e-16
8.0882e-16
8.11909e-16
8.13569e-16
8.139e-16
8.13003e-16
8.10987e-16
8.0796e-16
8.0403e-16
7.99308e-16
7.93901e-16
7.87919e-16
7.81463e-16
7.74636e-16
7.67535e-16
7.60251e-16
7.52872e-16
7.45478e-16
7.38144e-16
7.30937e-16
7.23917e-16
7.17137e-16
7.10643e-16
7.04471e-16
6.98649e-16
6.93199e-16
6.88133e-16
6.83454e-16
6.79161e-16
6.7524e-16
6.71674e-16
6.68436e-16
6.65494e-16
6.62809e-16
6.60336e-16
6.58026e-16
6.55826e-16
6.53677e-16
6.51519e-16
6.49289e-16
6.46923e-16
6.44357e-16
6.41527e-16
6.38369e-16
6.34823e-16
6.30829e-16
6.26334e-16
6.21286e-16
6.1564e-16
6.09355e-16
6.02397e-16
5.94739e-16
5.86358e-16
5.77241e-16
5.6738e-16
5.56775e-16
5.45434e-16
5.33369e-16
5.20601e-16
5.07156e-16
4.93065e-16
4.78366e-16
4.631e-16
4.47311e-16
4.31047e-16
4.14358e-16
3.97294e-16
3.79907e-16
3.62246e-16
3.4436e-16
3.26298e-16
3.08101e-16
2.89812e-16
2.71465e-16
2.53092e-16
2.34719e-16
2.16367e-16
1.98051e-16
1.79781e-16
1.6156e-16
1.43386e-16
1.25255e-16
1.07153e-16
8.90659e-17
7.09749e-17
5.28585e-17
3.46931e-17
1.64542e-17
-1.88286e-18
-2.0342e-17
-3.89455e-17
-5.7713e-17
-7.66606e-17
-9.58002e-17
-1.15138e-16
-1.34676e-16
-1.54407e-16
-1.74321e-16
-1.94395e-16
-2.14605e-16
-2.34914e-16
-2.55281e-16
-2.75656e-16
-2.95983e-16
-3.16197e-16
-3.36231e-16
-3.56009e-16
-3.75453e-16
-3.94481e-16
-4.13008e-16
-4.30948e-16
-4.48215e-16
-4.64724e-16
-4.8039e-16
-4.95135e-16
-5.08882e-16
-5.21559e-16
-5.33104e-16
-5.43459e-16
-5.52573e-16
-5.60407e-16
-5.66929e-16
-5.72116e-16
-5.75956e-16
-5.78444e-16
-5.79589e-16
-5.79406e-16
-5.7792e-16
-5.75165e-16
-5.71181e-16
-5.66017e-16
-5.59729e-16
-5.52375e-16
-5.4402e-16
-5.34731e-16
-5.24578e-16
-5.13631e-16
-5.0196e-16
-4.89634e-16
-4.7672e-16
-4.63281e-16
-4.49377e-16
-4.35063e-16
-4.20387e-16
-4.05392e-16
-3.90115e-16
-3.74584e-16
-3.58823e-16
-3.42847e-16
-3.26665e-16
-3.10277e-16
-2.9368e-16
-2.76864e-16
-2.59812e-16
-2.42504e-16
-2.24915e-16
-2.0702e-16
-1.88787e-16
-1.70185e-16
-1.51184e-16
-1.31751e-16
-1.11857e-16
-9.14735e-17
-7.05748e-17
-4.9139e-17
-2.71482e-17
-4.58898e-18
1.85469e-17
4.22625e-17
6.65552e-17
9.14164e-17
1.16832e-16
1.42781e-16
1.6924e-16
1.96175e-16
2.2355e-16
2.51326e-16
2.79455e-16
3.07888e-16
3.36572e-16
3.65451e-16
3.94466e-16
4.23557e-16
4.52662e-16
4.81718e-16
5.10661e-16
5.39428e-16
5.67956e-16
5.96182e-16
6.24045e-16
6.51484e-16
6.78439e-16
7.04854e-16
7.30672e-16
7.55838e-16
7.80299e-16
8.04005e-16
8.26906e-16
8.48954e-16
8.70103e-16
8.90308e-16
9.09525e-16
9.27714e-16
9.44835e-16
9.6085e-16
9.75723e-16
9.89419e-16
1.00191e-15
1.01316e-15
1.02315e-15
1.03186e-15
1.03926e-15
1.04535e-15
1.05011e-15
1.05353e-15
1.05562e-15
1.05639e-15
1.05585e-15
1.05401e-15
1.05091e-15
1.04657e-15
1.04105e-15
1.0344e-15
1.02666e-15
1.01791e-15
1.00822e-15
9.97671e-16
9.86354e-16
9.74361e-16
9.61793e-16
9.48756e-16
9.35359e-16
9.21714e-16
9.07937e-16
8.94142e-16
8.80446e-16
8.66961e-16
8.53798e-16
8.41063e-16
8.28856e-16
8.17272e-16
8.06395e-16
7.96301e-16
7.87055e-16
7.7871e-16
7.71307e-16
7.64874e-16
7.59425e-16
7.54959e-16
7.5146e-16
7.48901e-16
7.47235e-16
7.46406e-16
7.4634e-16
7.46954e-16
7.48149e-16
7.49819e-16
7.51846e-16
7.54103e-16
7.56457e-16
7.58769e-16
7.60899e-16
7.627e-16
7.64029e-16
7.64744e-16
7.64705e-16
7.63778e-16
7.61835e-16
7.58759e-16
7.5444e-16
7.48781e-16
7.41699e-16
7.33121e-16
7.22994e-16
7.11275e-16
6.97943e-16
6.82988e-16
6.66421e-16
6.48269e-16
6.28573e-16
6.07393e-16
5.84805e-16
5.60899e-16
5.35779e-16
5.09562e-16
4.82379e-16
4.5437e-16
4.25684e-16
3.9648e-16
3.66922e-16
3.3718e-16
3.07427e-16
2.77837e-16
2.48587e-16
2.1985e-16
1.91797e-16
1.64597e-16
1.38409e-16
1.1339e-16
8.96863e-17
6.74349e-17
4.67632e-17
2.77872e-17
1.06106e-17
-4.67558e-18
-1.79941e-17
-2.92817e-17
-3.84896e-17
-4.55841e-17
-5.05465e-17
-5.33736e-17
-5.40773e-17
-5.26853e-17
-4.924e-17
-4.37993e-17
-3.64357e-17
-2.72359e-17
-1.63007e-17
-3.74434e-18
1.03063e-17
2.57121e-17
4.23229e-17
5.99779e-17
7.85068e-17
9.77307e-17
1.17464e-16
1.37513e-16
1.57681e-16
1.77768e-16
1.97568e-16
2.16879e-16
2.35496e-16
2.53217e-16
2.69844e-16
2.85184e-16
2.99051e-16
3.11268e-16
3.21665e-16
3.30088e-16
3.36392e-16
3.40449e-16
3.42144e-16
3.41383e-16
3.38085e-16
3.32192e-16
3.23663e-16
3.1248e-16
2.98645e-16
2.82179e-16
2.63126e-16
2.41553e-16
2.17543e-16
1.91203e-16
1.62657e-16
1.32049e-16
9.95384e-17
6.53001e-17
2.95235e-17
-7.59009e-18
-4.58295e-17
-8.49756e-17
-1.24803e-16
-1.65084e-16
-2.05588e-16
-2.46088e-16
-2.86357e-16
-3.26176e-16
-3.65335e-16
-4.03631e-16
-4.40876e-16
-4.76894e-16
-5.11525e-16
-5.44626e-16
-5.76072e-16
-6.05757e-16
-6.33596e-16
-6.59521e-16
-6.83487e-16
-7.05468e-16
-7.25457e-16
-7.43469e-16
-7.59532e-16
-7.73697e-16
-7.86025e-16
-7.96594e-16
-8.05494e-16
-8.12824e-16
-8.18693e-16
-8.23216e-16
-8.2651e-16
-8.28698e-16
-8.299e-16
-8.30235e-16
-8.29818e-16
-8.28759e-16
-8.27161e-16
-8.25117e-16
-8.22712e-16
-8.20018e-16
-8.17098e-16
-8.14e-16
-8.10762e-16
-8.07408e-16
-8.03953e-16
-8.00396e-16
-7.96728e-16
-7.9293e-16
-7.88973e-16
-7.84822e-16
-7.80435e-16
-7.75766e-16
-7.70767e-16
-7.65387e-16
-7.59578e-16
-7.53291e-16
-7.46486e-16
-7.39123e-16
-7.31172e-16
-7.22612e-16
-7.13429e-16
-7.03621e-16
-6.93195e-16
-6.82171e-16
-6.70581e-16
-6.58466e-16
-6.45881e-16
-6.32891e-16
-6.1957e-16
-6.06002e-16
-5.92277e-16
-5.78495e-16
-5.64757e-16
-5.51168e-16
-5.37837e-16
-5.24868e-16
-5.12365e-16
-5.00428e-16
-4.89148e-16
-4.78609e-16
-4.68885e-16
-4.60038e-16
-4.52115e-16
-4.45149e-16
-4.39159e-16
-4.34144e-16
-4.30087e-16
-4.26953e-16
-4.24688e-16
-4.23221e-16
-4.22463e-16
-4.22308e-16
-4.22634e-16
-4.23303e-16
-4.24167e-16
-4.25062e-16
-4.25817e-16
-4.26253e-16
-4.26183e-16
-4.2542e-16
-4.23773e-16
-4.21053e-16
-4.17076e-16
-4.11663e-16
-4.04644e-16
-3.95858e-16
-3.85159e-16
-3.72413e-16
-3.57507e-16
-3.40341e-16
-3.20837e-16
-2.98939e-16
-2.74609e-16
-2.47835e-16
-2.18624e-16
-1.87009e-16
-1.53043e-16
-1.16802e-16
-7.83843e-17
-3.79067e-17
4.49324e-18
4.86604e-17
9.44234e-17
1.41596e-16
1.8998e-16
2.39365e-16
2.89534e-16
3.40262e-16
3.91321e-16
4.42481e-16
4.93511e-16
5.44186e-16
5.94282e-16
6.43586e-16
6.91891e-16
7.39002e-16
7.84738e-16
8.2893e-16
8.71427e-16
9.12094e-16
9.50815e-16
9.87492e-16
1.02205e-15
1.05443e-15
1.08459e-15
1.11252e-15
1.13823e-15
1.16173e-15
1.18307e-15
1.20232e-15
1.21955e-15
1.23486e-15
1.24836e-15
1.26019e-15
1.27047e-15
1.27935e-15
1.287e-15
1.29359e-15
1.29927e-15
1.30423e-15
1.30863e-15
1.31267e-15
1.31649e-15
1.32028e-15
1.32419e-15
1.32837e-15
1.33297e-15
1.3381e-15
1.34389e-15
1.35044e-15
1.35783e-15
1.36613e-15
1.37538e-15
1.38561e-15
1.39683e-15
1.40904e-15
1.42219e-15
1.43625e-15
1.45114e-15
1.46678e-15
1.48305e-15
1.49984e-15
1.517e-15
1.5344e-15
1.55185e-15
1.56919e-15
1.58624e-15
1.6028e-15
1.61868e-15
1.63369e-15
1.64764e-15
1.66032e-15
1.67156e-15
1.68118e-15
1.68901e-15
1.69489e-15
1.6987e-15
1.70029e-15
1.69957e-15
1.69645e-15
1.69087e-15
1.68279e-15
1.67218e-15
1.65906e-15
1.64345e-15
1.6254e-15
1.605e-15
1.58234e-15
1.55754e-15
1.53074e-15
1.50212e-15
1.47183e-15
1.44009e-15
1.40709e-15
1.37305e-15
1.3382e-15
1.30276e-15
1.26697e-15
1.23106e-15
1.19525e-15
1.15977e-15
1.12482e-15
1.09062e-15
1.05734e-15
1.02515e-15
9.94198e-16
9.64621e-16
9.36524e-16
9.09988e-16
8.85075e-16
8.61818e-16
8.40227e-16
8.20285e-16
8.01952e-16
7.85163e-16
7.69831e-16
7.55848e-16
7.43085e-16
7.31397e-16
7.20623e-16
7.10588e-16
7.0111e-16
6.91996e-16
6.83051e-16
6.74077e-16
6.64878e-16
6.55262e-16
6.45043e-16
6.34045e-16
6.22107e-16
