1.05306e-15
1.99994e-05
7.99898e-05
0.000179949
0.000319837
0.000499603
0.000719177
0.000978476
0.0012774
0.00161584
0.00199366
0.00241072
0.00286686
0.0033619
0.00389567
0.00446795
0.00507852
0.00572716
0.00641361
0.00713763
0.00789892
0.0086972
0.00953216
0.0104035
0.0113109
0.0122539
0.0132323
0.0142457
0.0152936
0.0163757
0.0174915
0.0186407
0.0198228
0.0210373
0.0222838
0.0235618
0.0248709
0.0262105
0.02758
0.0289791
0.0304072
0.0318636
0.0333479
0.0348595
0.0363978
0.0379623
0.0395523
0.0411672
0.0428065
0.0444694
0.0461554
0.0478638
0.049594
0.0513453
0.0531171
0.0549086
0.0567191
0.0585481
0.0603948
0.0622585
0.0641384
0.066034
0.0679443
0.0698688
0.0718067
0.0737573
0.0757197
0.0776933
0.0796773
0.081671
0.0836735
0.0856842
0.0877023
0.089727
0.0917574
0.093793
0.0958328
0.0978761
0.0999222
0.10197
0.104019
0.106069
0.108118
0.110166
0.112212
0.114256
0.116295
0.118331
0.120361
0.122386
0.124404
0.126415
0.128417
0.130411
0.132395
0.134369
0.136331
0.138282
0.14022
0.142144
0.144055
0.14595
0.14783
0.149694
0.151541
0.15337
0.15518
0.156972
0.158744
0.160495
0.162226
0.163935
0.165621
0.167284
0.168924
0.170539
0.172129
0.173694
0.175233
0.176745
0.17823
0.179687
0.181115
0.182515
0.183885
0.185226
0.186536
0.187815
0.189062
0.190278
0.191461
0.192611
0.193728
0.194811
0.195861
0.196875
0.197855
0.1988
0.199709
0.200582
0.201418
0.202219
0.202982
0.203708
0.204396
0.205047
0.20566
0.206235
0.206771
0.207269
0.207728
0.208148
0.208528
0.20887
0.209172
0.209435
0.209658
0.209841
0.209984
0.210088
0.210152
0.210176
0.21016
0.210105
0.210009
0.209874
0.209699
0.209484
0.209229
0.208936
0.208602
0.20823
0.207818
0.207368
0.206879
0.206351
0.205785
0.20518
0.204538
0.203858
0.203141
0.202386
0.201595
0.200767
0.199903
0.199003
0.198067
0.197097
0.196091
0.195051
0.193977
0.19287
0.191729
0.190555
0.18935
0.188112
0.186843
0.185543
0.184213
0.182853
0.181463
0.180045
0.178598
0.177124
0.175622
0.174094
0.17254
0.170961
0.169356
0.167728
0.166076
0.164401
0.162703
0.160984
0.159244
0.157484
0.155704
0.153905
0.152088
0.150253
0.148401
0.146533
0.14465
0.142752
0.140839
0.138914
0.136976
0.135026
0.133064
0.131093
0.129112
0.127122
0.125124
0.123119
0.121107
0.119089
0.117066
0.115039
0.113009
0.110976
0.108941
0.106904
0.104867
0.102831
0.100796
0.0987627
0.0967321
0.094705
0.0926822
0.0906644
0.0886523
0.0866468
0.0846486
0.0826584
0.0806771
0.0787054
0.0767439
0.0747935
0.072855
0.0709289
0.0690162
0.0671174
0.0652334
0.0633647
0.0615123
0.0596766
0.0578585
0.0560586
0.0542777
0.0525163
0.0507751
0.0490549
0.0473562
0.0456798
0.0440261
0.042396
0.0407899
0.0392085
0.0376523
0.0361221
0.0346183
0.0331415
0.0316923
0.0302712
0.0288788
0.0275155
0.026182
0.0248787
0.023606
0.0223645
0.0211547
0.0199769
0.0188317
0.0177195
0.0166406
0.0155955
0.0145847
0.0136083
0.0126669
0.0117608
0.0108903
0.0100558
0.00925746
0.00849572
0.00777081
0.00708301
0.00643258
0.00581974
0.00524474
0.00470779
0.00420908
0.00374879
0.00332709
0.00294415
0.00260009
0.00229505
0.00202913
0.00180243
0.00161502
0.00146697
0.00135833
0.00128914
0.00125942
0.00126917
0.00131837
0.00140701
0.00153505
0.00170242
0.00190907
0.00215489
0.0024398
0.00276368
0.0031264
0.00352781
0.00396776
0.00444606
0.00496254
0.00551699
0.00610919
0.00673891
0.00740591
0.00810991
0.00885066
0.00962786
0.0104412
0.0112904
0.0121751
0.0130949
0.0140496
0.0150387
0.0160618
0.0171186
0.0182087
0.0193316
0.0204869
0.0216741
0.0228929
0.0241426
0.0254229
0.0267333
0.0280732
0.0294422
0.0308396
0.032265
0.0337179
0.0351976
0.0367036
0.0382354
0.0397923
0.0413737
0.042979
0.0446077
0.0462591
0.0479325
0.0496273
0.051343
0.0530787
0.0548339
0.0566079
0.0583999
0.0602094
0.0620356
0.0638779
0.0657355
0.0676077
0.0694938
0.0713931
0.0733048
0.0752283
0.0771627
0.0791075
0.0810617
0.0830247
0.0849957
0.086974
0.0889589
0.0909494
0.092945
0.0949449
0.0969482
0.0989542
0.100962
0.102971
0.104981
0.10699
0.108999
0.111005
0.113009
0.115009
0.117005
0.118996
0.120982
0.122961
0.124933
0.126897
0.128853
0.130799
0.132735
0.13466
0.136574
0.138475
0.140363
0.142237
0.144097
0.145942
0.147771
0.149583
0.151378
0.153155
0.154914
0.156653
0.158372
0.160071
0.161748
0.163404
0.165037
0.166647
0.168234
0.169796
0.171333
0.172845
0.174331
0.17579
0.177222
0.178627
0.180003
0.181351
0.182669
0.183957
0.185216
0.186443
0.18764
0.188805
0.189938
0.191039
0.192106
0.193141
0.194142
0.195108
0.196041
0.196939
0.197801
0.198629
0.19942
0.200176
0.200895
0.201578
0.202224
0.202834
0.203406
0.20394
0.204437
0.204896
0.205317
0.2057
0.206045
0.206351
0.206619
0.206849
0.207039
0.207191
0.207305
0.207379
0.207415
0.207411
0.207369
0.207288
0.207169
0.20701
0.206814
0.206578
0.206304
0.205992
0.205642
0.205253
0.204827
0.204363
0.203861
0.203322
0.202746
0.202133
0.201483
0.200797
0.200075
0.199317
0.198523
0.197694
0.19683
0.195932
0.194999
0.194033
0.193033
0.192
0.190934
0.189836
0.188706
0.187545
0.186352
0.185129
0.183876
0.182594
0.181282
0.179942
0.178574
0.177178
0.175756
0.174307
0.172832
0.171331
0.169806
0.168257
0.166684
0.165089
0.163471
0.161831
0.16017
0.158489
0.156788
0.155067
0.153328
0.151572
0.149798
0.148008
0.146202
0.144381
0.142545
0.140696
0.138833
0.136959
0.135072
0.133175
0.131268
0.129351
0.127426
0.125493
0.123552
0.121605
0.119653
0.117695
0.115733
0.113768
0.111799
0.109829
0.107858
0.105886
0.103914
0.101943
0.099974
0.0980074
0.0960441
0.0940847
0.09213
0.0901808
0.0882378
0.0863017
0.0843732
0.0824532
0.0805422
0.0786411
0.0767506
0.0748713
0.073004
0.0711494
0.0693082
0.067481
0.0656686
0.0638717
0.0620909
0.0603269
0.0585804
0.0568519
0.0551423
0.0534521
0.0517819
0.0501324
0.0485042
0.0468979
0.0453141
0.0437534
0.0422164
0.0407037
0.0392158
0.0377533
0.0363168
0.0349067
0.0335236
0.0321681
0.0308405
0.0295415
0.0282715
0.0270309
0.0258203
0.0246401
0.0234907
0.0223725
0.0212861
0.0202316
0.0192097
0.0182206
0.0172646
0.0163423
0.0154538
0.0145995
0.0137798
0.0129949
0.0122451
0.0115307
0.0108519
0.0102091
0.00960236
0.00903198
0.00849815
0.00800106
0.00754089
0.00711779
0.00673193
0.00638343
0.00607241
0.00579897
0.00556322
0.00536523
0.00520505
0.00508274
0.00499833
0.00495185
0.00494328
0.00497264
0.00503988
0.00514498
0.00528788
0.00546852
0.00568681
0.00594266
0.00623595
0.00656657
0.00693437
0.00733921
0.00778092
0.00825931
0.0087742
0.00932538
0.00991261
0.0105357
0.0111943
0.0118883
0.0126173
0.0133811
0.0141793
0.0150116
0.0158778
0.0167774
0.0177102
0.0186757
0.0196736
0.0207034
0.0217649
0.0228575
0.0239809
0.0251345
0.0263181
0.027531
0.0287728
0.0300431
0.0313414
0.0326671
0.0340198
0.0353988
0.0368038
0.0382341
0.0396892
0.0411685
0.0426714
0.0441975
0.0457461
0.0473165
0.0489083
0.0505207
0.0521532
0.0538052
0.0554759
0.0571648
0.0588712
0.0605945
0.062334
0.0640891
0.065859
0.0676431
0.0694407
0.0712511
0.0730737
0.0749077
0.0767524
0.0786072
0.0804712
0.0823439
0.0842245
0.0861123
0.0880066
0.0899065
0.0918116
0.0937209
0.0956337
0.0975495
0.0994673
0.101387
0.103306
0.105226
0.107145
0.109063
0.110978
0.11289
0.114799
0.116703
0.118602
0.120495
0.122382
0.124261
0.126132
0.127995
0.129848
0.131691
0.133523
0.135344
0.137152
0.138948
0.14073
0.142498
0.144251
0.145989
0.14771
0.149415
0.151102
0.152771
0.154421
0.156052
0.157663
0.159253
0.160822
0.162369
0.163894
0.165397
0.166875
0.16833
0.16976
0.171165
0.172545
0.173898
0.175225
0.176524
0.177796
0.17904
0.180255
0.181442
0.182599
0.183726
0.184823
0.185889
0.186924
0.187928
0.1889
0.189839
0.190747
0.191621
0.192462
0.19327
0.194044
0.194784
0.195489
0.19616
0.196797
0.197398
0.197964
0.198494
0.198989
0.199449
0.199872
0.200259
0.20061
0.200924
0.201202
0.201443
0.201648
0.201816
0.201948
0.202042
0.2021
0.202121
0.202105
0.202053
0.201963
0.201837
0.201674
0.201475
0.201239
0.200967
0.200659
0.200314
0.199934
0.199518
0.199066
0.198579
0.198056
0.197498
0.196906
0.196279
0.195617
0.194922
0.194193
0.19343
0.192634
0.191805
0.190944
0.190051
0.189125
0.188168
0.18718
0.186161
0.185112
0.184033
0.182925
0.181787
0.180621
0.179427
0.178204
0.176955
0.175679
0.174377
0.173048
0.171695
0.170317
0.168915
0.167489
0.16604
0.164568
0.163075
0.16156
0.160024
0.158468
0.156892
0.155298
0.153685
0.152054
0.150406
0.148741
0.147061
0.145365
0.143655
0.141931
0.140193
0.138443
0.136681
0.134907
0.133123
0.131329
0.129526
0.127714
0.125895
0.124068
0.122234
0.120395
0.118551
0.116702
0.11485
0.112994
0.111137
0.109277
0.107417
0.105557
0.103697
0.101839
0.0999819
0.0981279
0.0962772
0.0944305
0.0925886
0.090752
0.0889216
0.087098
0.0852819
0.0834739
0.0816748
0.0798852
0.0781058
0.0763373
0.0745803
0.0728355
0.0711035
0.0693851
0.0676807
0.0659912
0.064317
0.0626589
0.0610175
0.0593933
0.0577869
0.0561991
0.0546303
0.0530811
0.0515522
0.050044
0.0485572
0.0470924
0.0456499
0.0442305
0.0428345
0.0414626
0.0401152
0.0387928
0.037496
0.0362251
0.0349807
0.0337632
0.0325731
0.0314108
0.0302767
0.0291713
0.0280949
0.027048
0.0260309
0.025044
0.0240876
0.0231622
0.0222679
0.0214053
0.0205745
0.0197759
0.0190097
0.0182762
0.0175758
0.0169085
0.0162748
0.0156747
0.0151086
0.0145765
0.0140788
0.0136155
0.0131868
0.0127929
0.0124339
0.0121099
0.011821
0.0115673
0.0113489
0.0111659
0.0110183
0.0109061
0.0108294
0.0107881
0.0107823
0.010812
0.0108772
0.0109777
0.0111136
0.0112847
0.011491
0.0117324
0.0120088
0.01232
0.0126659
0.0130465
0.0134614
0.0139106
0.0143938
0.0149109
0.0154616
0.0160457
0.016663
0.0173133
0.0179962
0.0187115
0.0194588
0.020238
0.0210487
0.0218906
0.0227632
0.0236664
0.0245997
0.0255628
0.0265552
0.0275767
0.0286267
0.029705
0.030811
0.0319443
0.0331045
0.0342911
0.0355037
0.0367419
0.038005
0.0392926
0.0406043
0.0419395
0.0432978
0.0446785
0.0460811
0.0475051
0.0489501
0.0504153
0.0519002
0.0534043
0.054927
0.0564677
0.0580257
0.0596006
0.0611918
0.0627985
0.0644201
0.0660562
0.067706
0.0693689
0.0710442
0.0727314
0.0744298
0.0761387
0.0778575
0.0795855
0.0813221
0.0830666
0.0848184
0.0865767
0.088341
0.0901105
0.0918846
0.0936626
0.0954439
0.0972276
0.0990133
0.1008
0.102588
0.104375
0.106161
0.107946
0.109729
0.111509
0.113285
0.115057
0.116825
0.118587
0.120342
0.122091
0.123833
0.125566
0.12729
0.129005
0.13071
0.132404
0.134087
0.135758
0.137416
0.139061
0.140692
0.142309
0.14391
0.145496
0.147066
0.148619
0.150154
0.151672
0.153171
0.154651
0.156111
0.157551
0.15897
0.160368
0.161744
0.163098
0.16443
0.165738
0.167022
0.168282
0.169517
0.170728
0.171912
0.173071
0.174203
0.175309
0.176387
0.177437
0.17846
0.179454
0.180419
0.181356
0.182262
0.18314
0.183987
0.184803
0.185589
0.186344
0.187068
0.18776
0.188421
0.18905
0.189646
0.19021
0.190742
0.191241
0.191707
0.19214
0.192539
0.192905
0.193238
0.193537
0.193803
0.194035
0.194233
0.194397
0.194527
0.194623
0.194685
0.194713
0.194707
0.194668
0.194594
0.194487
0.194345
0.19417
0.193962
0.193719
0.193444
0.193135
0.192792
0.192417
0.192009
0.191568
0.191095
0.190589
0.190051
0.189482
0.18888
0.188247
0.187583
0.186889
0.186163
0.185407
0.184622
0.183806
0.182961
0.182087
0.181185
0.180254
0.179295
0.178308
0.177294
0.176254
0.175186
0.174093
0.172975
0.171831
0.170663
0.16947
0.168254
0.167014
0.165751
0.164467
0.16316
0.161832
0.160483
0.159114
0.157725
0.156317
0.15489
0.153445
0.151983
0.150503
0.149007
0.147495
0.145968
0.144426
0.14287
0.1413
0.139718
0.138123
0.136516
0.134899
0.13327
0.131632
0.129985
0.128329
0.126665
0.124993
0.123315
0.121631
0.119941
0.118247
0.116548
0.114846
0.11314
0.111433
0.109724
0.108014
0.106303
0.104593
0.102884
0.101176
0.0994711
0.0977687
0.0960698
0.094375
0.092685
0.0910005
0.089322
0.0876501
0.0859856
0.084329
0.082681
0.0810421
0.079413
0.0777942
0.0761864
0.0745902
0.0730062
0.071435
0.069877
0.068333
0.0668035
0.065289
0.0637902
0.0623075
0.0608416
0.0593929
0.057962
0.0565494
0.0551556
0.0537812
0.0524267
0.0510925
0.0497791
0.0484871
0.0472169
0.0459689
0.0447436
0.0435415
0.042363
0.0412085
0.0400785
0.0389733
0.0378934
0.0368391
0.0358108
0.0348089
0.0338338
0.0328858
0.0319652
0.0310723
0.0302076
0.0293713
0.0285636
0.0277849
0.0270355
0.0263156
0.0256254
0.0249653
0.0243354
0.0237359
0.0231671
0.0226291
0.0221222
0.0216464
0.021202
0.0207892
0.0204079
0.0200585
0.0197409
0.0194552
0.0192017
0.0189803
0.018791
0.018634
0.0185093
0.0184169
0.0183569
0.0183291
0.0183337
0.0183705
0.0184396
0.018541
0.0186744
0.01884
0.0190375
0.0192669
0.0195282
0.0198211
0.0201455
0.0205014
0.0208884
0.0213066
0.0217557
0.0222354
0.0227457
0.0232863
0.023857
0.0244574
0.0250875
0.025747
0.0264355
0.0271528
0.0278986
0.0286726
0.0294745
0.0303039
0.0311606
0.0320443
0.0329544
0.0338908
0.034853
0.0358407
0.0368534
0.0378907
0.0389524
0.0400378
0.0411467
0.0422786
0.043433
0.0446095
0.0458076
0.047027
0.048267
0.0495272
0.0508072
0.0521064
0.0534243
0.0547605
0.0561144
0.0574855
0.0588733
0.0602772
0.0616967
0.0631313
0.0645803
0.0660434
0.0675198
0.069009
0.0705105
0.0720237
0.073548
0.0750829
0.0766277
0.0781818
0.0797448
0.0813159
0.0828946
0.0844803
0.0860723
0.0876702
0.0892732
0.0908808
0.0924924
0.0941073
0.095725
0.0973449
0.0989662
0.100589
0.102211
0.103833
0.105455
0.107075
0.108693
0.110308
0.111919
0.113527
0.11513
0.116728
0.118321
0.119907
0.121486
0.123058
0.124621
0.126176
0.127722
0.129258
0.130783
0.132298
0.133801
0.135291
0.13677
0.138235
0.139686
0.141123
0.142546
0.143953
0.145344
0.146719
0.148077
0.149418
0.150741
0.152046
0.153332
0.154598
0.155845
0.157072
0.158278
0.159463
0.160627
0.161769
0.162888
0.163985
0.165059
0.166109
0.167135
0.168137
0.169114
0.170067
0.170994
0.171895
0.172771
0.17362
0.174443
0.175239
0.176008
0.176749
0.177463
0.178149
0.178807
0.179436
0.180037
0.180609
0.181152
0.181666
0.18215
0.182605
0.18303
0.183426
0.183792
0.184127
0.184433
0.184708
0.184953
0.185168
0.185352
0.185506
0.185629
0.185721
0.185783
0.185815
0.185816
0.185786
0.185726
0.185636
0.185515
0.185364
0.185182
0.18497
0.184729
0.184457
0.184155
0.183824
0.183463
0.183073
0.182654
0.182206
0.181728
0.181222
0.180688
0.180125
0.179535
0.178916
0.17827
0.177597
0.176897
0.17617
0.175417
0.174638
0.173833
0.173002
0.172147
0.171266
0.170361
0.169432
0.168479
0.167503
0.166504
0.165482
0.164438
0.163372
0.162285
0.161177
0.160049
0.1589
0.157732
0.156544
0.155338
0.154113
0.152871
0.151612
0.150335
0.149042
0.147734
0.14641
0.145071
0.143718
0.142351
0.14097
0.139577
0.138172
0.136755
0.135327
0.133888
0.132439
0.130981
0.129513
0.128037
0.126554
0.125063
0.123565
0.122061
0.120552
0.119037
0.117518
0.115995
0.114468
0.112939
0.111408
0.109875
0.108341
0.106807
0.105272
0.103739
0.102206
0.100676
0.0991476
0.0976223
0.0961006
0.094583
0.09307
0.0915622
0.0900602
0.0885645
0.0870757
0.0855943
0.0841209
0.0826561
0.0812003
0.0797541
0.078318
0.0768926
0.0754783
0.0740758
0.0726855
0.0713079
0.0699435
0.0685928
0.0672564
0.0659347
0.0646282
0.0633373
0.0620626
0.0608045
0.0595634
0.0583399
0.0571343
0.055947
0.0547786
0.0536295
0.0524999
0.0513904
0.0503014
0.0492332
0.0481863
0.0471609
0.0461575
0.0451764
0.044218
0.0432826
0.0423705
0.0414821
0.0406177
0.0397775
0.038962
0.0381712
0.0374056
0.0366654
0.0359509
0.0352623
0.0345998
0.0339636
0.0333541
0.0327713
0.0322155
0.0316868
0.0311856
0.0307118
0.0302657
0.0298474
0.029457
0.0290947
0.0287606
0.0284547
0.0281773
0.0279283
0.0277078
0.0275159
0.0273526
0.027218
0.027112
0.0270348
0.0269864
0.0269666
0.0269755
0.0270131
0.0270794
0.0271742
0.0272976
0.0274494
0.0276296
0.0278381
0.0280748
0.0283395
0.0286323
0.0289528
0.0293011
0.0296769
0.03008
0.0305104
0.0309677
0.0314519
0.0319627
0.0325
0.0330634
0.0336528
0.0342679
0.0349085
0.0355743
0.036265
0.0369804
0.0377202
0.038484
0.0392717
0.0400828
0.040917
0.0417741
0.0426537
0.0435553
0.0444788
0.0454237
0.0463896
0.0473762
0.0483831
0.0494099
0.0504562
0.0515216
0.0526056
0.0537079
0.0548281
0.0559657
0.0571202
0.0582913
0.0594784
0.0606811
0.061899
0.0631316
0.0643785
0.065639
0.0669129
0.0681995
0.0694984
0.0708091
0.0721311
0.0734639
0.074807
0.0761599
0.0775221
0.078893
0.0802722
0.0816591
0.0830532
0.0844539
0.0858609
0.0872734
0.088691
0.0901132
0.0915394
0.0929691
0.0944018
0.0958369
0.0972738
0.0987122
0.100151
0.101591
0.10303
0.104468
0.105905
0.10734
0.108773
0.110203
0.111629
0.113052
0.11447
0.115883
0.11729
0.118691
0.120086
0.121473
0.122853
0.124225
0.125588
0.126942
0.128287
0.129621
0.130945
0.132258
0.133559
0.134848
0.136124
0.137388
0.138638
0.139875
0.141096
0.142304
0.143496
0.144672
0.145832
0.146976
0.148103
0.149213
0.150305
0.151378
0.152434
0.15347
0.154488
0.155485
0.156463
0.157421
0.158357
0.159273
0.160168
0.161041
0.161892
0.162721
0.163528
0.164312
0.165072
0.16581
0.166523
0.167214
0.16788
0.168521
0.169139
0.169731
0.170299
0.170841
0.171359
0.171851
0.172317
0.172757
0.173172
0.173561
0.173923
0.174259
0.174569
0.174853
0.17511
0.17534
0.175544
0.17572
0.175871
0.175994
0.17609
0.17616
0.176203
0.176219
0.176208
0.17617
0.176106
0.176014
0.175897
0.175752
0.175581
0.175384
0.17516
0.17491
0.174634
0.174332
0.174004
0.173651
0.173271
0.172867
0.172437
0.171982
0.171502
0.170998
0.170469
0.169916
0.169339
0.168738
0.168113
0.167466
0.166795
0.166101
0.165385
0.164647
0.163887
0.163105
0.162302
0.161478
0.160633
0.159768
0.158883
0.157979
0.157055
0.156112
0.15515
0.15417
0.153173
0.152158
0.151126
0.150077
0.149012
0.147931
0.146835
0.145723
0.144598
0.143458
0.142304
0.141137
0.139957
0.138764
0.13756
0.136344
0.135117
0.13388
0.132632
0.131375
0.130109
0.128834
0.12755
0.126259
0.124961
0.123656
0.122345
0.121028
0.119705
0.118378
0.117047
0.115712
0.114373
0.113032
0.111688
0.110342
0.108995
0.107648
0.1063
0.104952
0.103605
0.102259
0.100914
0.0995722
0.0982327
0.0968963
0.0955636
0.094235
0.0929109
0.091592
0.0902787
0.0889714
0.0876707
0.086377
0.0850908
0.0838125
0.0825426
0.0812816
0.0800299
0.0787881
0.0775564
0.0763355
0.0751257
0.0739274
0.0727411
0.0715673
0.0704063
0.0692585
0.0681245
0.0670045
0.065899
0.0648083
0.063733
0.0626732
0.0616295
0.0606022
0.0595917
0.0585983
0.0576223
0.0566642
0.0557242
0.0548027
0.0539
0.0530164
0.0521523
0.0513079
0.0504835
0.0496794
0.0488959
0.0481333
0.0473918
0.0466717
0.0459732
0.0452966
0.0446421
0.0440099
0.0434002
0.0428132
0.0422492
0.0417084
0.0411908
0.0406966
0.0402261
0.0397794
0.0393566
0.0389579
0.0385834
0.0382331
0.0379073
0.037606
0.0373293
0.0370772
0.0368499
0.0366474
0.0364698
0.0363171
0.0361893
0.0360865
0.0360086
0.0359558
0.0359279
0.035925
0.0359471
0.0359941
0.0360659
0.0361626
0.0362841
0.0364303
0.0366011
0.0367964
0.0370162
0.0372604
0.0375288
0.0378213
0.0381378
0.0384782
0.0388422
0.0392298
0.0396408
0.040075
0.0405322
0.0410123
0.0415151
0.0420402
0.0425876
0.043157
0.0437482
0.0443609
0.0449949
0.04565
0.0463258
0.0470221
0.0477387
0.0484753
0.0492315
0.0500071
0.0508017
0.0516152
0.052447
0.053297
0.0541648
0.05505
0.0559524
0.0568715
0.0578071
0.0587587
0.059726
0.0607086
0.0617061
0.0627183
0.0637446
0.0647847
0.0658382
0.0669046
0.0679837
0.069075
0.070178
0.0712924
0.0724178
0.0735536
0.0746996
0.0758551
0.07702
0.0781935
0.0793755
0.0805653
0.0817626
0.0829669
0.0841778
0.0853948
0.0866174
0.0878453
0.0890779
0.0903148
0.0915555
0.0927996
0.0940466
0.095296
0.0965475
0.0978005
0.0990545
0.100309
0.101564
0.102818
0.104072
0.105325
0.106575
0.107824
0.10907
0.110313
0.111552
0.112788
0.114019
0.115245
0.116466
0.117681
0.118889
0.120092
0.121287
0.122474
0.123654
0.124825
0.125988
0.127141
0.128285
0.129419
0.130542
0.131654
0.132755
0.133845
0.134922
0.135987
0.13704
0.138079
0.139104
0.140116
0.141114
0.142096
0.143064
0.144017
0.144954
0.145875
0.146779
0.147667
0.148539
0.149392
0.150229
0.151047
0.151848
0.15263
0.153394
0.154138
0.154863
0.155569
0.156256
0.156922
0.157569
0.158195
0.1588
0.159385
0.159949
0.160491
0.161012
0.161512
0.16199
0.162447
0.162881
0.163294
0.163684
0.164051
0.164397
0.16472
0.16502
0.165297
0.165551
0.165783
0.165992
0.166177
0.16634
0.166479
0.166595
0.166688
0.166758
0.166805
0.166828
0.166828
0.166806
0.16676
0.166691
0.166598
0.166483
0.166345
0.166184
0.166001
0.165794
0.165566
0.165314
0.16504
0.164744
0.164426
0.164086
0.163724
0.16334
0.162935
0.162508
0.16206
0.161592
0.161102
0.160592
0.160061
0.15951
0.158939
0.158348
0.157738
0.157109
0.15646
0.155793
0.155107
0.154403
0.153681
0.152941
0.152183
0.151409
0.150618
0.14981
0.148986
0.148146
0.147291
0.14642
0.145534
0.144634
0.14372
0.142791
0.141849
0.140894
0.139926
0.138946
0.137953
0.136949
0.135933
0.134907
0.133869
0.132822
0.131765
0.130698
0.129622
0.128538
0.127446
0.126345
0.125238
0.124123
0.123002
0.121874
0.120741
0.119603
0.118459
0.117311
0.116159
0.115004
0.113845
0.112683
0.111519
0.110353
0.109186
0.108018
0.106848
0.105679
0.10451
0.103341
0.102173
0.101007
0.0998432
0.0986813
0.0975221
0.0963661
0.0952136
0.0940652
0.0929211
0.0917819
0.0906479
0.0895195
0.0883972
0.0872813
0.0861722
0.0850704
0.0839763
0.0828901
0.0818124
0.0807434
0.0796837
0.0786335
0.0775932
0.0765633
0.075544
0.0745357
0.0735388
0.0725537
0.0715806
0.07062
0.0696721
0.0687374
0.067816
0.0669084
0.0660149
0.0651358
0.0642714
0.0634219
0.0625877
0.0617691
0.0609664
0.0601798
0.0594096
0.0586561
0.0579195
0.0572001
0.0564981
0.0558139
0.0551475
0.0544992
0.0538693
0.0532579
0.0526653
0.0520917
0.0515372
0.0510021
0.0504865
0.0499906
0.0495145
0.0490585
0.0486226
0.048207
0.0478118
0.0474371
0.0470832
0.04675
0.0464377
0.0461464
0.0458761
0.045627
0.0453991
0.0451925
0.0450072
0.0448433
0.0447008
0.0445798
0.0444802
0.0444022
0.0443456
0.0443106
0.0442971
0.044305
0.0443345
0.0443853
0.0444576
0.0445512
0.0446661
0.0448022
0.0449595
0.0451379
0.0453374
0.0455577
0.0457988
0.0460607
0.0463432
0.0466461
0.0469694
0.047313
0.0476765
0.0480601
0.0484633
0.0488862
0.0493285
0.0497901
0.0502708
0.0507703
0.0512885
0.0518251
0.0523801
0.0529531
0.0535439
0.0541523
0.054778
0.0554209
0.0560806
0.056757
0.0574497
0.0581585
0.0588831
0.0596232
0.0603786
0.0611489
0.061934
0.0627334
0.0635469
0.0643741
0.0652148
0.0660687
0.0669354
0.0678145
0.0687058
0.069609
0.0705236
0.0714494
0.072386
0.0733331
0.0742902
0.0752571
0.0762334
0.0772187
0.0782127
0.079215
0.0802252
0.0812429
0.0822678
0.0832996
0.0843377
0.0853819
0.0864317
0.0874868
0.0885467
0.0896112
0.0906798
0.091752
0.0928276
0.0939062
0.0949872
0.0960704
0.0971554
0.0982417
0.0993289
0.100417
0.101505
0.102593
0.10368
0.104766
0.105851
0.106933
0.108014
0.109092
0.110168
0.11124
0.112308
0.113372
0.114431
0.115486
0.116535
0.117579
0.118617
0.119648
0.120673
0.12169
0.1227
0.123703
0.124697
0.125682
0.126659
0.127626
0.128584
0.129532
0.13047
0.131397
0.132313
0.133218
0.134111
0.134993
0.135863
0.13672
0.137564
0.138395
0.139213
0.140017
0.140807
0.141583
0.142345
0.143092
0.143824
0.14454
0.145242
0.145927
0.146597
0.14725
0.147887
0.148507
0.149111
0.149698
0.150267
0.150819
0.151353
0.15187
0.152368
0.152849
0.153311
0.153755
0.15418
0.154586
0.154974
0.155343
0.155692
0.156023
0.156334
0.156626
0.156898
0.157151
0.157384
0.157597
0.157791
0.157964
0.158118
0.158252
0.158366
0.158461
0.158535
0.158589
0.158623
0.158637
0.158632
0.158606
0.15856
0.158495
0.158409
0.158304
0.158179
0.158034
0.15787
0.157686
0.157483
0.15726
0.157018
0.156757
0.156477
0.156178
0.15586
0.155523
0.155168
0.154794
0.154402
0.153992
0.153564
0.153118
0.152655
0.152174
0.151676
0.15116
0.150628
0.15008
0.149515
0.148934
0.148336
0.147723
0.147095
0.146451
0.145792
0.145118
0.14443
0.143727
0.143011
0.142281
0.141537
0.14078
0.14001
0.139227
0.138432
0.137625
0.136807
0.135977
0.135135
0.134283
0.133421
0.132548
0.131666
0.130773
0.129872
0.128962
0.128043
0.127116
0.126181
0.125239
0.124289
0.123333
0.12237
0.121401
0.120426
0.119446
0.11846
0.11747
0.116476
0.115478
0.114475
0.11347
0.112462
0.111451
0.110438
0.109424
0.108407
0.10739
0.106372
0.105354
0.104336
0.103318
0.102301
0.101285
0.10027
0.0992572
0.0982467
0.0972387
0.0962337
0.0952319
0.0942338
0.0932396
0.0922499
0.0912648
0.0902847
0.0893101
0.0883412
0.0873783
0.0864219
0.0854723
0.0845298
0.0835946
0.0826673
0.081748
0.0808372
0.079935
0.079042
0.0781582
0.0772842
0.0764201
0.0755663
0.0747231
0.0738907
0.0730695
0.0722597
0.0714617
0.0706757
0.0699019
0.0691407
0.0683923
0.0676569
0.0669349
0.0662264
0.0655318
0.0648512
0.0641848
0.063533
0.0628959
0.0622738
0.0616668
0.0610752
0.0604991
0.0599388
0.0593945
0.0588662
0.0583543
0.0578589
0.0573801
0.0569181
0.056473
0.0560451
0.0556344
0.0552411
0.0548653
0.054507
0.0541666
0.053844
0.0535393
0.0532527
0.0529842
0.0527339
0.0525019
0.0522883
0.052093
0.0519163
0.0517581
0.0516185
0.0514974
0.051395
0.0513113
0.0512462
0.0511999
0.0511722
0.0511631
0.0511728
0.0512011
0.051248
0.0513136
0.0513976
0.0515003
0.0516213
0.0517608
0.0519186
0.0520947
0.052289
0.0525014
0.0527319
0.0529802
0.0532464
0.0535303
0.0538318
0.0541508
0.0544872
0.0548408
0.0552114
0.055599
0.0560034
0.0564244
0.0568619
0.0573156
0.0577855
0.0582714
0.058773
0.0592902
0.0598227
0.0603704
0.0609331
0.0615105
0.0621025
0.0627087
0.0633291
0.0639633
0.0646111
0.0652723
0.0659466
0.0666338
0.0673336
0.0680458
0.0687701
0.0695062
0.0702538
0.0710128
0.0717827
0.0725634
0.0733545
0.0741558
0.0749669
0.0757876
0.0766175
0.0774563
0.0783039
0.0791597
0.0800236
0.0808952
0.0817741
0.0826602
0.083553
0.0844522
0.0853575
0.0862686
0.0871852
0.0881068
0.0890332
0.0899641
0.0908991
0.0918379
0.0927801
0.0937254
0.0946735
0.0956239
0.0965765
0.0975308
0.0984864
0.0994432
0.100401
0.101358
0.102316
0.103274
0.104231
0.105186
0.106141
0.107094
0.108044
0.108993
0.109939
0.110881
0.111821
0.112756
0.113688
0.114615
0.115538
0.116455
0.117367
0.118274
0.119175
0.120069
0.120956
0.121837
0.122711
0.123577
0.124435
0.125285
0.126126
0.126959
0.127783
0.128597
0.129402
0.130197
0.130981
0.131756
0.132519
0.133272
0.134014
0.134743
0.135462
0.136168
0.136862
0.137543
0.138212
0.138868
0.139511
0.14014
0.140756
0.141358
0.141946
0.142519
0.143079
0.143623
0.144153
0.144668
0.145168
0.145652
0.146121
0.146575
0.147012
0.147434
0.14784
0.148229
0.148602
0.148959
0.149299
0.149622
0.149929
0.150218
0.150491
0.150747
0.150985
0.151207
0.151411
0.151597
0.151767
0.151918
0.152053
0.15217
0.152269
0.152351
0.152415
0.152461
0.15249
0.152501
0.152495
0.152471
0.152429
0.15237
0.152293
0.152199
0.152087
0.151958
0.151812
0.151648
0.151468
0.15127
0.151055
0.150823
0.150574
0.150308
0.150026
0.149727
0.149412
0.14908
0.148732
0.148369
0.147989
0.147593
0.147182
0.146755
0.146314
0.145856
0.145384
0.144898
0.144396
0.14388
0.14335
0.142806
0.142248
0.141676
0.141091
0.140493
0.139882
0.139258
0.138622
0.137973
0.137312
0.136639
0.135955
0.13526
0.134553
0.133836
0.133108
0.13237
0.131621
0.130863
0.130096
0.129319
0.128534
0.12774
0.126937
0.126127
0.125308
0.124483
0.12365
0.12281
0.121964
0.121111
0.120253
0.119389
0.118519
0.117645
0.116766
0.115882
0.114995
0.114103
0.113209
0.112311
0.11141
0.110507
0.109602
0.108695
0.107786
0.106876
0.105965
0.105054
0.104143
0.103232
0.102321
0.101411
0.100502
0.0995943
0.0986885
0.0977848
0.0968834
0.0959847
0.095089
0.0941967
0.093308
0.0924232
0.0915427
0.0906668
0.0897958
0.08893
0.0880697
0.0872152
0.0863668
0.0855248
0.0846894
0.0838611
0.0830401
0.0822266
0.081421
0.0806235
0.0798344
0.079054
0.0782826
0.0775204
0.0767677
0.0760248
0.0752919
0.0745692
0.0738571
0.0731558
0.0724655
0.0717864
0.0711188
0.070463
0.0698191
0.0691874
0.068568
0.0679613
0.0673674
0.0667865
0.0662188
0.0656645
0.0651238
0.064597
0.064084
0.0635853
0.0631008
0.0626308
0.0621755
0.0617349
0.0613093
0.0608988
0.0605035
0.0601235
0.0597591
0.0594102
0.0590771
0.0587598
0.0584584
0.0581731
0.0579039
0.0576509
0.0574142
0.0571939
0.05699
0.0568027
0.0566319
0.0564777
0.0563402
0.0562194
0.0561153
0.0560281
0.0559576
0.0559039
0.0558671
0.0558471
0.0558439
0.0558575
0.0558879
0.0559352
0.0559992
0.0560799
0.0561773
0.0562914
0.0564221
0.0565693
0.056733
0.0569132
0.0571097
0.0573225
0.0575515
0.0577966
0.0580577
0.0583347
0.0586275
0.058936
0.0592601
0.0595997
0.0599546
0.0603246
0.0607098
0.0611098
0.0615246
0.061954
0.0623979
0.0628561
0.0633284
0.0638146
0.0643146
0.0648281
0.0653551
0.0658953
0.0664485
0.0670144
0.067593
0.068184
0.0687871
0.0694021
0.0700289
0.0706672
0.0713168
0.0719774
0.0726488
0.0733307
0.074023
0.0747252
0.0754373
0.076159
0.0768899
0.0776298
0.0783785
0.0791356
0.079901
0.0806743
0.0814553
0.0822436
0.083039
0.0838413
0.08465
0.085465
0.0862859
0.0871125
0.0879444
0.0887814
0.0896231
0.0904693
0.0913196
0.0921737
0.0930314
0.0938924
0.0947562
0.0956227
0.0964915
0.0973623
0.0982348
0.0991087
0.0999836
0.100859
0.101735
0.102612
0.103488
0.104363
0.105238
0.106112
0.106984
0.107855
0.108723
0.10959
0.110453
0.111314
0.112171
0.113025
0.113875
0.114721
0.115562
0.116398
0.11723
0.118056
0.118876
0.119691
0.120499
0.121301
0.122096
0.122884
0.123665
0.124438
0.125203
0.12596
0.126709
0.127449
0.12818
0.128901
0.129614
0.130316
0.131009
0.131692
0.132364
0.133025
0.133675
0.134315
0.134943
0.135559
0.136164
0.136757
0.137337
0.137905
0.138461
0.139004
0.139533
0.14005
0.140553
0.141043
0.141519
0.141981
0.142429
0.142863
0.143283
0.143688
0.144079
0.144455
0.144816
0.145162
0.145493
0.145809
0.14611
0.146395
0.146664
0.146918
0.147157
0.147379
0.147586
0.147777
0.147951
0.14811
0.148253
0.148379
0.14849
0.148584
0.148662
0.148723
0.148769
0.148798
0.148811
0.148807
0.148788
0.148752
0.1487
0.148631
0.148546
0.148446
0.148329
0.148196
0.148047
0.147882
0.147701
0.147504
0.147292
0.147063
0.14682
0.14656
0.146286
0.145996
0.145691
0.14537
0.145035
0.144685
0.144321
0.143941
0.143547
0.143139
0.142717
0.142281
0.141831
0.141367
0.14089
0.1404
0.139896
0.139379
0.13885
0.138308
0.137753
0.137187
0.136608
0.136018
0.135416
0.134803
0.134178
0.133543
0.132897
0.132241
0.131574
0.130898
0.130211
0.129516
0.128811
0.128097
0.127374
0.126643
0.125903
0.125156
0.124401
0.123639
0.122869
0.122093
0.12131
0.120521
0.119726
0.118925
0.118119
0.117307
0.116491
0.11567
0.114845
0.114016
0.113183
0.112347
0.111508
0.110666
0.109821
0.108974
0.108126
0.107275
0.106424
0.105571
0.104718
0.103865
0.103011
0.102158
0.101305
0.100453
0.0996019
0.0987525
0.0979048
0.0970592
0.0962159
0.0953753
0.0945376
0.0937032
0.0928723
0.0920452
0.0912223
0.0904038
0.08959
0.0887812
0.0879776
0.0871797
0.0863875
0.0856016
0.084822
0.0840491
0.0832831
0.0825244
0.0817732
0.0810298
0.0802943
0.0795672
0.0788486
0.0781388
0.077438
0.0767466
0.0760646
0.0753925
0.0747303
0.0740784
0.073437
0.0728063
0.0721865
0.0715779
0.0709806
0.0703949
0.0698209
0.0692589
0.0687092
0.0681717
0.0676468
0.0671347
0.0666355
0.0661494
0.0656765
0.0652171
0.0647712
0.0643391
0.0639209
0.0635168
0.0631268
0.0627512
0.06239
0.0620433
0.0617114
0.0613943
0.0610921
0.0608049
0.0605329
0.0602761
0.0600346
0.0598084
0.0595978
0.0594027
0.0592232
0.0590594
0.0589113
0.0587789
0.0586624
0.0585618
0.058477
0.0584081
0.0583552
0.0583183
0.0582973
0.0582923
0.0583032
0.0583301
0.058373
0.0584318
0.0585064
0.058597
0.0587034
0.0588256
0.0589636
0.0591173
0.0592866
0.0594715
0.0596719
0.0598878
0.060119
0.0603655
0.0606272
0.0609039
0.0611957
0.0615023
0.0618237
0.0621598
0.0625104
0.0628754
0.0632547
0.0636481
0.0640555
0.0644767
0.0649116
0.0653601
0.0658219
0.066297
0.066785
0.067286
0.0677996
0.0683257
0.0688641
0.0694146
0.069977
0.0705511
0.0711368
0.0717337
0.0723417
0.0729605
0.07359
0.0742299
0.07488
0.07554
0.0762098
0.076889
0.0775774
0.0782748
0.078981
0.0796956
0.0804184
0.0811492
0.0818877
0.0826337
0.0833868
0.0841468
0.0849134
0.0856864
0.0864654
0.0872503
0.0880406
0.0888362
0.0896368
0.090442
0.0912515
0.0920652
0.0928827
0.0937036
0.0945278
0.0953548
0.0961845
0.0970165
0.0978506
0.0986863
0.0995235
0.100362
0.101201
0.102041
0.102881
0.10372
0.10456
0.105399
0.106236
0.107073
0.107908
0.108741
0.109572
0.110401
0.111226
0.112049
0.112868
0.113684
0.114496
0.115304
0.116107
0.116905
0.117698
0.118486
0.119268
0.120045
0.120815
0.121578
0.122335
0.123085
0.123828
0.124563
0.12529
0.126009
0.12672
0.127423
0.128116
0.128801
0.129476
0.130141
0.130797
0.131443
0.132078
0.132704
0.133318
0.133921
0.134514
0.135095
0.135664
0.136222
0.136767
0.137301
0.137822
0.138331
0.138827
0.13931
0.13978
0.140237
0.140681
0.141111
0.141527
0.141929
0.142318
0.142692
0.143052
0.143398
0.143729
0.144046
0.144348
0.144635
0.144907
0.145164
0.145406
0.145633
0.145844
0.146041
0.146221
0.146386
0.146536
0.14667
0.146789
0.146891
0.146978
0.14705
0.147105
0.147145
0.147169
0.147177
0.147169
0.147145
0.147106
0.147051
0.14698
0.146893
0.146791
0.146673
0.146539
0.14639
0.146225
0.146044
0.145849
0.145638
0.145411
0.14517
0.144914
0.144642
0.144356
0.144054
0.143739
0.143408
0.143063
0.142704
0.142331
0.141943
0.141542
0.141127
0.140698
0.140256
0.1398
0.139331
0.13885
0.138355
0.137848
0.137329
0.136797
0.136253
0.135697
0.13513
0.134551
0.133961
0.13336
0.132748
0.132125
0.131492
0.130849
0.130196
0.129533
0.128861
0.128179
0.127489
0.12679
0.126082
0.125366
0.124643
0.123911
0.123172
0.122426
0.121673
0.120914
0.120148
0.119376
0.118598
0.117815
0.117026
0.116233
0.115434
0.114632
0.113825
0.113014
0.1122
0.111383
0.110563
0.10974
0.108915
0.108087
0.107258
0.106428
0.105596
0.104764
0.103931
0.103098
0.102264
0.101431
0.100599
0.0997677
0.0989375
0.098109
0.0972822
0.0964576
0.0956353
0.0948158
0.0939994
0.0931862
0.0923766
0.0915709
0.0907694
0.0899723
0.08918
0.0883927
0.0876108
0.0868344
0.0860639
0.0852996
0.0845417
0.0837904
0.0830462
0.0823092
0.0815797
0.0808579
0.0801442
0.0794388
0.0787418
0.0780537
0.0773746
0.0767047
0.0760444
0.0753938
0.0747532
0.0741228
0.0735029
0.0728936
0.0722952
0.0717079
0.0711318
0.0705673
0.0700145
0.0694737
0.0689449
0.0684284
0.0679244
0.0674331
0.0669546
0.0664891
0.0660368
0.0655978
0.0651723
0.0647605
0.0643625
0.0639784
0.0636083
0.0632525
0.0629111
0.0625841
0.0622716
0.0619739
0.0616909
0.0614229
0.0611698
0.0609319
0.0607091
0.0605015
0.0603093
0.0601324
0.059971
0.0598252
0.0596948
0.0595801
0.0594811
0.0593977
0.0593301
0.0592782
0.0592421
0.0592217
0.0592171
0.0592283
0.0592552
0.059298
0.0593564
0.0594306
0.0595205
0.0596261
0.0597473
0.0598841
0.0600364
0.0602042
0.0603875
0.0605861
0.0607999
0.061029
0.0612732
0.0615324
0.0618066
0.0620956
0.0623993
0.0627177
0.0630505
0.0633978
0.0637593
0.064135
0.0645247
0.0649282
0.0653454
0.0657762
0.0662205
0.0666779
0.0671484
0.0676319
0.0681281
0.0686368
0.0691579
0.0696912
0.0702365
0.0707936
0.0713623
0.0719424
0.0725337
0.0731359
0.0737489
0.0743724
0.0750062
0.0756501
0.0763038
0.0769671
0.0776398
0.0783217
0.0790124
0.0797117
0.0804194
0.0811353
0.081859
0.0825903
0.0833289
0.0840746
0.0848271
0.0855862
0.0863514
0.0871227
0.0878997
0.0886821
0.0894696
0.090262
0.091059
0.0918602
0.0926655
0.0934744
0.0942867
0.0951022
0.0959205
0.0967413
0.0975643
0.0983893
0.0992159
0.100044
0.100873
0.101702
0.102533
0.103363
0.104193
0.105023
0.105852
0.106679
0.107506
0.108331
0.109154
0.109974
0.110792
0.111607
0.11242
0.113228
0.114033
0.114834
0.115631
0.116423
0.11721
0.117992
0.118768
0.119539
0.120304
0.121062
0.121814
0.122559
0.123297
0.124028
0.124751
0.125466
0.126173
0.126871
0.127561
0.128242
0.128914
0.129577
0.13023
0.130872
0.131505
0.132128
0.13274
0.133341
0.133931
0.13451
0.135078
0.135634
0.136178
0.13671
0.13723
0.137737
0.138232
0.138714
0.139184
0.13964
0.140083
0.140512
0.140928
0.14133
0.141718
0.142092
0.142452
0.142798
0.143129
0.143446
0.143748
0.144036
0.144308
0.144566
0.144808
0.145035
0.145248
0.145444
0.145626
0.145792
0.145942
0.146077
0.146197
0.1463
0.146389
0.146461
0.146517
0.146558
0.146583
0.146593
0.146586
0.146564
0.146526
0.146472
0.146403
0.146317
0.146216
0.1461
0.145968
0.14582
0.145657
0.145478
0.145284
0.145074
0.14485
0.14461
0.144355
0.144085
0.143801
0.143501
0.143187
0.142858
0.142515
0.142158
0.141786
0.141401
0.141001
0.140588
0.140161
0.139721
0.139267
0.138801
0.138321
0.137828
0.137323
0.136806
0.136276
0.135735
0.135181
0.134616
0.134039
0.133451
0.132852
0.132243
0.131622
0.130992
0.130351
0.1297
0.12904
0.12837
0.127692
0.127004
0.126307
0.125602
0.124889
0.124169
0.12344
0.122704
0.121961
0.121211
0.120455
0.119692
0.118923
0.118149
0.117369
0.116583
0.115793
0.114999
0.1142
0.113397
0.11259
0.11178
0.110967
0.110151
0.109332
0.108511
0.107688
0.106864
0.106038
0.105211
0.104383
0.103555
0.102727
0.101899
0.101071
0.100244
0.099418
0.0985934
0.0977705
0.0969495
0.0961308
0.0953146
0.0945013
0.093691
0.0928843
0.0920812
0.0912822
0.0904874
0.0896973
0.088912
0.0881319
0.0873573
0.0865884
0.0858255
0.0850689
0.0843188
0.0835756
0.0828395
0.0821108
0.0813897
0.0806765
0.0799714
0.0792748
0.0785868
0.0779078
0.0772379
0.0765775
0.0759267
0.0752857
0.0746549
0.0740345
0.0734246
0.0728255
0.0722374
0.0716605
0.0710951
0.0705413
0.0699994
0.0694695
0.0689518
0.0684466
0.0679539
0.0674741
0.0670072
0.0665534
0.0661129
0.0656859
0.0652724
0.0648727
0.0644869
0.0641152
0.0637576
0.0634144
0.0630856
0.0627713
0.0624716
0.0621868
0.0619168
0.0616618
0.0614219
0.0611971
0.0609876
0.0607933
0.0606144
0.060451
0.0603031
0.0601707
0.060054
0.0599529
0.0598674
0.0597977
0.0597437
0.0597055
0.0596831
0.0596764
0.0596855
0.0597104
0.059751
0.0598074
0.0598795
0.0599673
0.0600708
0.06019
0.0603247
0.0604749
0.0606407
0.0608218
0.0610183
0.0612301
0.0614571
0.0616992
0.0619564
0.0622284
0.0625154
0.062817
0.0631333
0.0634641
0.0638092
0.0641687
0.0645422
0.0649298
0.0653312
0.0657462
0.0661749
0.0666169
0.0670722
0.0675405
0.0680217
0.0685157
0.0690221
0.069541
0.0700719
0.0706149
0.0711696
0.0717359
0.0723135
0.0729023
0.073502
0.0741124
0.0747334
0.0753645
0.0760057
0.0766567
0.0773173
0.0779872
0.0786661
0.0793539
0.0800502
0.0807549
0.0814676
0.0821881
0.0829162
0.0836515
0.0843938
0.0851429
0.0858984
0.0866601
0.0874276
0.0882009
0.0889794
0.089763
0.0905514
0.0913442
0.0921412
0.0929422
0.0937467
0.0945545
0.0953654
0.096179
0.096995
0.0978131
0.0986331
0.0994546
0.100277
0.101101
0.101925
0.10275
0.103574
0.104399
0.105222
0.106045
0.106867
0.107687
0.108506
0.109322
0.110136
0.110947
0.111755
0.11256
0.113362
0.114159
0.114953
0.115742
0.116526
0.117306
0.11808
0.118848
0.119611
0.120367
0.121117
0.12186
0.122597
0.123326
0.124048
0.124762
0.125467
0.126165
0.126854
0.127534
0.128206
0.128868
0.12952
0.130163
0.130796
0.131418
0.132031
0.132632
0.133223
0.133802
0.13437
0.134927
0.135472
0.136005
0.136526
0.137034
0.13753
0.138014
0.138484
0.138942
0.139386
0.139817
0.140235
0.140639
0.141029
0.141405
0.141767
0.142115
0.142448
0.142767
0.143072
0.143362
0.143637
0.143897
0.144142
0.144372
0.144587
0.144787
0.144971
0.14514
0.145294
0.145432
0.145554
0.145661
0.145753
0.145829
0.145889
0.145933
0.145962
0.145975
0.145972
0.145954
0.14592
0.14587
0.145804
0.145723
0.145626
0.145514
0.145386
0.145243
0.145084
0.144909
0.14472
0.144515
0.144295
0.14406
0.14381
0.143545
0.143266
0.142971
0.142662
0.142339
0.142001
0.141649
0.141283
0.140903
0.140509
0.140101
0.13968
0.139245
0.138798
0.138337
0.137863
0.137377
0.136878
0.136367
0.135843
0.135308
0.134761
0.134203
0.133633
0.133051
0.132459
0.131857
0.131243
0.13062
0.129987
0.129343
0.12869
0.128028
0.127357
0.126677
0.125988
0.125291
0.124586
0.123873
0.123153
0.122425
0.121691
0.120949
0.120201
0.119447
0.118687
0.117922
0.117151
0.116375
0.115594
0.114808
0.114019
0.113225
0.112428
0.111628
0.110824
0.110018
0.109209
0.108398
0.107586
0.106771
0.105956
0.105139
0.104322
0.103505
0.102687
0.10187
0.101053
0.100237
0.0994223
0.0986089
0.0977973
0.0969877
0.0961804
0.0953757
0.094574
0.0937755
0.0929805
0.0921893
0.0914022
0.0906194
0.0898413
0.0890682
0.0883003
0.0875379
0.0867813
0.0860308
0.0852866
0.084549
0.0838183
0.0830948
0.0823787
0.0816703
0.0809698
0.0802775
0.0795936
0.0789184
0.0782522
0.0775952
0.0769476
0.0763097
0.0756816
0.0750637
0.0744561
0.0738592
0.073273
0.0726978
0.0721338
0.0715812
0.0710403
0.0705111
0.069994
0.0694891
0.0689965
0.0685166
0.0680493
0.067595
0.0671537
0.0667257
0.066311
0.0659099
0.0655224
0.0651488
0.0647891
0.0644435
0.0641121
0.0637951
0.0634925
0.0632044
0.062931
0.0626724
0.0624286
0.0621997
0.0619858
0.0617871
0.0616035
0.0614351
0.061282
0.0611443
0.0610219
0.060915
0.0608235
0.0607475
0.0606871
0.0606421
0.0606128
0.060599
0.0606008
0.0606181
0.060651
0.0606994
0.0607634
0.0608428
0.0609377
0.0610481
0.0611738
0.0613148
0.0614711
0.0616426
0.0618293
0.062031
0.0622478
0.0624794
0.0627259
0.0629872
0.0632631
0.0635535
0.0638583
0.0641774
0.0645108
0.0648582
0.0652195
0.0655946
0.0659834
0.0663857
0.0668014
0.0672302
0.0676721
0.0681269
0.0685944
0.0690745
0.0695669
0.0700715
0.070588
0.0711164
0.0716563
0.0722077
0.0727702
0.0733437
0.073928
0.0745228
0.075128
0.0757433
0.0763684
0.0770032
0.0776474
0.0783008
0.0789631
0.0796341
0.0803135
0.0810011
0.0816966
0.0823998
0.0831104
0.0838282
0.0845528
0.085284
0.0860216
0.0867653
0.0875147
0.0882697
0.0890299
0.0897951
0.0905649
0.0913391
0.0921174
0.0928996
0.0936852
0.0944741
0.095266
0.0960605
0.0968574
0.0976563
0.098457
0.0992592
0.100063
0.100867
0.101672
0.102477
0.103282
0.104087
0.104891
0.105694
0.106496
0.107297
0.108096
0.108893
0.109687
0.110479
0.111268
0.112053
0.112835
0.113614
0.114388
0.115158
0.115923
0.116683
0.117438
0.118187
0.118931
0.119668
0.1204
0.121124
0.121842
0.122553
0.123256
0.123952
0.12464
0.125319
0.12599
0.126653
0.127307
0.127951
0.128587
0.129212
0.129828
0.130434
0.13103
0.131615
0.132189
0.132753
0.133305
0.133846
0.134376
0.134894
0.1354
0.135894
0.136376
0.136845
0.137302
0.137746
0.138177
0.138595
0.139
0.139391
0.139769
0.140133
0.140484
0.14082
0.141143
0.141451
0.141746
0.142025
0.142291
0.142542
0.142778
0.142999
0.143206
0.143398
0.143575
0.143737
0.143884
0.144016
0.144132
0.144234
0.14432
0.144391
0.144447
0.144487
0.144512
0.144522
0.144517
0.144496
0.14446
0.144409
0.144342
0.144261
0.144164
0.144052
0.143925
0.143783
0.143626
0.143454
0.143267
0.143065
0.142849
0.142618
0.142372
0.142112
0.141838
0.141549
0.141247
0.14093
0.1406
0.140255
0.139897
0.139526
0.139141
0.138743
0.138332
0.137909
0.137472
0.137023
0.136561
0.136087
0.135602
0.135104
0.134594
0.134074
0.133541
0.132998
0.132444
0.131879
0.131304
0.130718
0.130123
0.129517
0.128902
0.128278
0.127644
0.127002
0.126351
0.125692
0.125024
0.124349
0.123666
0.122975
0.122277
0.121573
0.120862
0.120144
0.119421
0.118691
0.117956
0.117216
0.116471
0.115721
0.114966
0.114208
0.113445
0.112679
0.11191
0.111137
0.110362
0.109584
0.108804
0.108023
0.107239
0.106455
0.105669
0.104883
0.104096
0.103309
0.102522
0.101736
0.10095
0.100165
0.099382
0.0986002
0.0978204
0.0970427
0.0962674
0.0954949
0.0947255
0.0939593
0.0931967
0.092438
0.0916835
0.0909333
0.0901879
0.0894474
0.0887122
0.0879825
0.0872586
0.0865408
0.0858292
0.0851242
0.0844261
0.083735
0.0830513
0.0823751
0.0817068
0.0810466
0.0803947
0.0797514
0.0791168
0.0784913
0.077875
0.0772682
0.0766711
0.0760839
0.0755068
0.0749401
0.0743839
0.0738384
0.0733039
0.0727805
0.0722685
0.0717679
0.071279
0.0708021
0.0703371
0.0698843
0.0694439
0.0690161
0.0686009
0.0681985
0.0678091
0.0674328
0.0670698
0.0667201
0.0663839
0.0660614
0.0657526
0.0654576
0.0651765
0.0649095
0.0646566
0.064418
0.0641936
0.0639836
0.0637881
0.0636071
0.0634407
0.0632889
0.0631518
0.0630294
0.0629218
0.0628291
0.0627511
0.062688
0.0626398
0.0626064
0.062588
0.0625844
0.0625958
0.062622
0.0626631
0.062719
0.0627897
0.0628752
0.0629755
0.0630905
0.0632201
0.0633643
0.0635231
0.0636963
0.0638839
0.0640859
0.0643021
0.0645325
0.064777
0.0650354
0.0653077
0.0655938
0.0658936
0.0662068
0.0665335
0.0668735
0.0672267
0.0675929
0.067972
0.0683638
0.0687682
0.069185
0.0696141
0.0700554
0.0705085
0.0709735
0.07145
0.071938
0.0724372
0.0729474
0.0734684
0.0740002
0.0745423
0.0750947
0.0756572
0.0762294
0.0768113
0.0774025
0.0780029
0.0786123
0.0792303
0.0798569
0.0804917
0.0811344
0.081785
0.082443
0.0831083
0.0837807
0.0844598
0.0851454
0.0858373
0.0865352
0.0872388
0.087948
0.0886623
0.0893815
0.0901055
0.0908338
0.0915663
0.0923027
0.0930426
0.0937859
0.0945322
0.0952812
0.0960327
0.0967865
0.0975421
0.0982995
0.0990581
0.0998179
0.100578
0.101339
0.102101
0.102862
0.103623
0.104383
0.105143
0.105901
0.106658
0.107413
0.108166
0.108917
0.109665
0.11041
0.111153
0.111892
0.112627
0.113358
0.114085
0.114808
0.115526
0.116239
0.116947
0.117649
0.118345
0.119036
0.11972
0.120397
0.121068
0.121732
0.122388
0.123038
0.123679
0.124312
0.124937
0.125554
0.126162
0.126761
0.127351
0.127932
0.128504
0.129065
0.129617
0.130158
0.13069
0.13121
0.13172
0.132219
0.132707
0.133184
0.13365
0.134104
0.134546
0.134976
0.135394
0.1358
0.136194
0.136575
0.136944
0.1373
0.137642
0.137972
0.138289
0.138593
0.138883
0.13916
0.139424
0.139674
0.13991
0.140132
0.140341
0.140535
0.140716
0.140883
0.141035
0.141173
0.141298
0.141408
0.141503
0.141585
0.141652
0.141705
0.141743
0.141767
0.141777
0.141772
0.141753
0.14172
0.141673
0.141611
0.141535
0.141444
0.14134
0.141221
0.141089
0.140942
0.140782
0.140607
0.140419
0.140217
0.140001
0.139772
0.139529
0.139273
0.139004
0.138722
0.138426
0.138118
0.137796
0.137462
0.137116
0.136757
0.136385
0.136002
0.135607
0.135199
0.134781
0.13435
0.133908
0.133455
0.132991
0.132517
0.132031
0.131535
0.131029
0.130513
0.129986
0.129451
0.128905
0.128351
0.127787
0.127214
0.126633
0.126044
0.125446
0.12484
0.124227
0.123606
0.122977
0.122342
0.1217
0.121051
0.120396
0.119735
0.119068
0.118396
0.117718
0.117035
0.116348
0.115656
0.114959
0.114259
0.113555
0.112847
0.112136
0.111422
0.110705
0.109986
0.109265
0.108542
0.107817
0.107091
0.106363
0.105635
0.104906
0.104177
0.103448
0.10272
0.101991
0.101264
0.100537
0.0998124
0.0990889
0.0983672
0.0976477
0.0969305
0.096216
0.0955044
0.094796
0.094091
0.0933897
0.0926924
0.0919992
0.0913106
0.0906266
0.0899476
0.0892738
0.0886054
0.0879428
0.0872861
0.0866355
0.0859914
0.0853539
0.0847233
0.0840998
0.0834837
0.0828751
0.0822743
0.0816815
0.0810968
0.0805207
0.0799531
0.0793944
0.0788447
0.0783042
0.0777732
0.0772517
0.0767401
0.0762384
0.075747
0.0752658
0.0747952
0.0743352
0.0738861
0.073448
0.073021
0.0726053
0.0722011
0.0718085
0.0714276
0.0710585
0.0707015
0.0703565
0.0700238
0.0697034
0.0693955
0.0691002
0.0688175
0.0685476
0.0682906
0.0680464
0.0678153
0.0675973
0.0673925
0.0672009
0.0670225
0.0668576
0.066706
0.0665679
0.0664433
0.0663322
0.0662347
0.0661507
0.0660804
0.0660237
0.0659807
0.0659512
0.0659355
0.0659333
0.0659448
0.0659699
0.0660087
0.066061
0.0661268
0.0662062
0.066299
0.0664052
0.0665249
0.0666579
0.0668041
0.0669635
0.0671361
0.0673218
0.0675204
0.067732
0.0679563
0.0681934
0.0684431
0.0687053
0.06898
0.0692669
0.0695661
0.0698773
0.0702005
0.0705355
0.0708822
0.0712404
0.0716101
0.071991
0.0723831
0.0727861
0.0731999
0.0736243
0.0740593
0.0745046
0.07496
0.0754253
0.0759005
0.0763852
0.0768794
0.0773828
0.0778952
0.0784165
0.0789464
0.0794848
0.0800313
0.0805859
0.0811484
0.0817184
0.0822958
0.0828803
0.0834718
0.08407
0.0846747
0.0852857
0.0859027
0.0865255
0.0871538
0.0877875
0.0884263
0.0890699
0.0897181
0.0903707
0.0910274
0.091688
0.0923522
0.0930198
0.0936905
0.0943641
0.0950403
0.0957189
0.0963996
0.0970822
0.0977664
0.0984519
0.0991386
0.0998261
0.100514
0.101203
0.101891
0.10258
0.103267
0.103955
0.104641
0.105326
0.10601
0.106692
0.107372
0.10805
0.108725
0.109398
0.110068
0.110735
0.111398
0.112058
0.112713
0.113365
0.114012
0.114655
0.115292
0.115925
0.116552
0.117174
0.11779
0.1184
0.119004
0.119601
0.120192
0.120776
0.121353
0.121922
0.122484
0.123039
0.123585
0.124124
0.124654
0.125175
0.125689
0.126193
0.126688
0.127174
0.127651
0.128118
0.128576
0.129023
0.129461
0.129889
0.130306
0.130713
0.131109
0.131494
0.131869
0.132232
0.132585
0.132926
0.133256
0.133574
0.133881
0.134176
0.13446
0.134731
0.134991
0.135238
0.135474
0.135697
0.135908
0.136107
0.136293
0.136466
0.136628
0.136776
0.136912
0.137035
0.137146
0.137244
0.137329
0.137402
0.137461
0.137508
0.137542
0.137563
0.137572
0.137568
0.137551
0.137521
0.137478
0.137423
0.137355
0.137274
0.137181
0.137076
0.136957
0.136827
0.136684
0.136528
0.136361
0.136181
0.135989
0.135785
0.135569
0.135341
0.135102
0.134851
0.134588
0.134314
0.134028
0.133732
0.133424
0.133105
0.132775
0.132435
0.132084
0.131723
0.131351
0.13097
0.130578
0.130176
0.129765
0.129344
0.128914
0.128474
0.128026
0.127569
0.127103
0.126628
0.126146
0.125655
0.125156
0.124649
0.124135
0.123614
0.123085
0.12255
0.122007
0.121458
0.120903
0.120342
0.119774
0.119202
0.118623
0.118039
0.117451
0.116857
0.116259
0.115656
0.11505
0.114439
0.113825
0.113207
0.112586
0.111962
0.111335
0.110706
0.110075
0.109441
0.108806
0.108169
0.10753
0.106891
0.10625
0.105609
0.104968
0.104326
0.103685
0.103044
0.102403
0.101763
0.101124
0.100486
0.0998502
0.0992158
0.0985833
0.097953
0.097325
0.0966997
0.0960773
0.095458
0.094842
0.0942295
0.0936207
0.093016
0.0924154
0.0918193
0.0912278
0.0906412
0.0900596
0.0894832
0.0889124
0.0883472
0.0877879
0.0872346
0.0866877
0.0861472
0.0856134
0.0850864
0.0845665
0.0840538
0.0835485
0.0830508
0.0825608
0.0820788
0.0816049
0.0811392
0.080682
0.0802334
0.0797935
0.0793625
0.0789406
0.0785278
0.0781244
0.0777305
0.0773462
0.0769716
0.0766069
0.0762522
0.0759076
0.0755732
0.0752492
0.0749356
0.0746326
0.0743402
0.0740586
0.0737878
0.073528
0.0732791
0.0730414
0.0728148
0.0725995
0.0723955
0.0722029
0.0720216
0.0718519
0.0716937
0.0715471
0.0714121
0.0712888
0.0711771
0.0710772
0.070989
0.0709126
0.070848
0.0707951
0.0707541
0.0707248
0.0707074
0.0707017
0.0707078
0.0707257
0.0707553
0.0707967
0.0708497
0.0709144
0.0709907
0.0710786
0.071178
0.0712889
0.0714113
0.071545
0.07169
0.0718463
0.0720138
0.0721923
0.0723819
0.0725824
0.0727938
0.073016
0.0732488
0.0734922
0.0737461
0.0740103
0.0742848
0.0745695
0.0748641
0.0751687
0.0754831
0.0758071
0.0761407
0.0764837
0.0768359
0.0771972
0.0775675
0.0779467
0.0783345
0.0787309
0.0791356
0.0795485
0.0799695
0.0803984
0.080835
0.0812791
0.0817307
0.0821894
0.0826552
0.0831278
0.083607
0.0840928
0.0845849
0.085083
0.0855871
0.0860969
0.0866123
0.087133
0.0876588
0.0881895
0.088725
0.0892651
0.0898094
0.0903579
0.0909103
0.0914665
0.0920261
0.092589
0.093155
0.0937239
0.0942955
0.0948695
0.0954457
0.0960239
0.096604
0.0971856
0.0977686
0.0983528
0.0989379
0.0995237
0.10011
0.100697
0.101283
0.10187
0.102456
0.103042
0.103627
0.104211
0.104793
0.105375
0.105954
0.106532
0.107108
0.107681
0.108252
0.10882
0.109386
0.109948
0.110507
0.111063
0.111615
0.112163
0.112707
0.113246
0.113782
0.114312
0.114838
0.115358
0.115874
0.116384
0.116888
0.117387
0.11788
0.118366
0.118847
0.11932
0.119788
0.120248
0.120702
0.121148
0.121588
0.122019
0.122444
0.12286
0.123269
0.12367
0.124062
0.124447
0.124823
0.12519
0.125549
0.125899
0.126241
0.126573
0.126896
0.12721
0.127515
0.12781
0.128096
0.128372
0.128639
0.128895
0.129142
0.129379
0.129606
0.129823
0.13003
0.130227
0.130413
0.130589
0.130755
0.13091
0.131055
0.131189
0.131313
0.131427
0.131529
0.131622
0.131703
0.131774
0.131834
0.131884
0.131923
0.131951
0.131968
0.131975
0.131972
0.131957
0.131932
0.131897
0.131851
0.131794
0.131727
0.131649
0.131561
0.131463
0.131355
0.131236
0.131107
0.130967
0.130818
0.130659
0.13049
0.130311
0.130122
0.129923
0.129715
0.129498
0.12927
0.129034
0.128788
0.128534
0.12827
0.127997
0.127716
0.127425
0.127127
0.126819
0.126504
0.12618
0.125848
0.125509
0.125161
0.124806
0.124443
0.124073
0.123696
0.123311
0.12292
0.122522
0.122117
0.121706
0.121288
0.120864
0.120435
0.119999
0.119558
0.119111
0.118659
0.118202
0.11774
0.117273
0.116802
0.116326
0.115846
0.115362
0.114873
0.114382
0.113886
0.113387
0.112886
0.112381
0.111873
0.111363
0.11085
0.110335
0.109819
0.1093
0.10878
0.108258
0.107735
0.107211
0.106686
0.10616
0.105634
0.105108
0.104581
0.104055
0.103529
0.103003
0.102478
0.101954
0.101431
0.100909
0.100389
0.09987
0.099353
0.098838
0.0983251
0.0978146
0.0973066
0.0968013
0.0962989
0.0957996
0.0953035
0.0948109
0.0943218
0.0938365
0.0933551
0.0928779
0.0924049
0.0919363
0.0914724
0.0910132
0.0905589
0.0901097
0.0896658
0.0892272
0.0887941
0.0883668
0.0879453
0.0875297
0.0871203
0.0867171
0.0863203
0.0859301
0.0855465
0.0851697
0.0847997
0.0844369
0.0840812
0.0837327
0.0833917
0.0830581
0.0827322
0.082414
0.0821036
0.0818011
0.0815066
0.0812202
0.0809421
0.0806722
0.0804107
0.0801576
0.0799131
0.0796772
0.0794499
0.0792315
0.0790218
0.078821
0.0786291
0.0784462
0.0782723
0.0781075
0.0779519
0.0778054
0.0776682
0.0775401
0.0774214
0.077312
0.0772118
0.0771211
0.0770397
0.0769676
0.076905
0.0768518
0.0768079
0.0767735
0.0767485
0.0767328
0.0767265
0.0767296
0.0767421
0.0767639
0.0767949
0.0768353
0.0768849
0.0769438
0.0770118
0.0770889
0.0771752
0.0772704
0.0773747
0.077488
0.0776101
0.0777411
0.0778808
0.0780292
0.0781863
0.0783519
0.078526
0.0787086
0.0788994
0.0790985
0.0793058
0.0795211
0.0797445
0.0799757
0.0802147
0.0804614
0.0807156
0.0809774
0.0812465
0.0815229
0.0818065
0.0820971
0.0823946
0.0826989
0.0830099
0.0833274
0.0836514
0.0839817
0.0843182
0.0846607
0.0850091
0.0853632
0.085723
0.0860883
0.086459
0.0868348
0.0872157
0.0876016
0.0879922
0.0883874
0.0887871
0.0891911
0.0895993
0.0900115
0.0904275
0.0908473
0.0912706
0.0916972
0.0921271
0.0925601
0.0929959
0.0934345
0.0938757
0.0943193
0.0947651
0.095213
0.0956628
0.0961144
0.0965676
0.0970222
0.0974781
0.097935
0.0983929
0.0988515
0.0993107
0.0997704
0.10023
0.10069
0.10115
0.10161
0.102069
0.102528
0.102986
0.103443
0.103899
0.104354
0.104808
0.10526
0.10571
0.106158
0.106605
0.107049
0.107491
0.10793
0.108367
0.108801
0.109232
0.10966
0.110085
0.110506
0.110924
0.111338
0.111749
0.112155
0.112558
0.112956
0.11335
0.113739
0.114124
0.114504
0.114879
0.115249
0.115614
0.115974
0.116328
0.116677
0.117021
0.117358
0.11769
0.118016
0.118336
0.11865
0.118957
0.119259
0.119554
0.119842
0.120124
0.120399
0.120667
0.120928
0.121183
0.12143
0.121671
0.121904
0.12213
0.122349
0.12256
0.122764
0.12296
0.123149
0.123331
0.123504
0.12367
0.123829
0.123979
0.124122
0.124257
0.124384
0.124503
0.124614
0.124717
0.124813
0.1249
0.124979
0.125051
0.125114
0.125169
0.125216
0.125255
0.125286
0.125309
0.125325
0.125332
0.125331
0.125322
0.125305
0.12528
0.125247
0.125207
0.125158
0.125102
0.125038
0.124966
0.124886
0.124799
0.124704
0.124602
0.124492
0.124375
0.12425
0.124118
0.123978
0.123832
0.123678
0.123517
0.123349
0.123175
0.122993
0.122805
0.122609
0.122408
0.122199
0.121985
0.121764
0.121536
0.121303
0.121063
0.120818
0.120566
0.120309
0.120046
0.119778
0.119504
0.119225
0.11894
0.118651
0.118356
0.118056
0.117752
0.117443
0.11713
0.116812
0.116489
0.116163
0.115832
0.115498
0.115159
0.114817
0.114472
0.114123
0.113771
0.113415
0.113057
0.112695
0.112331
0.111964
0.111595
0.111223
0.110849
0.110473
0.110095
0.109715
0.109334
0.108951
0.108566
0.108181
0.107794
0.107406
0.107017
0.106628
0.106238
0.105847
0.105457
0.105066
0.104675
0.104284
0.103893
0.103503
0.103113
0.102724
0.102336
0.101948
0.101562
0.101177
0.100793
0.100411
0.10003
0.0996506
0.0992732
0.0988979
0.0985246
0.0981535
0.0977848
0.0974185
0.0970548
0.0966937
0.0963355
0.0959803
0.0956281
0.095279
0.0949333
0.0945909
0.0942521
0.0939168
0.0935853
0.0932576
0.0929338
0.0926141
0.0922986
0.0919872
0.0916802
0.0913777
0.0910796
0.0907862
0.0904975
0.0902136
0.0899346
0.0896606
0.0893916
0.0891277
0.0888691
0.0886158
0.0883678
0.0881253
0.0878883
0.0876569
0.0874311
0.087211
0.0869967
0.0867883
0.0865857
0.0863891
0.0861986
0.086014
0.0858356
0.0856633
0.0854972
0.0853374
0.0851838
0.0850365
0.0848957
0.0847611
0.084633
0.0845114
0.0843962
0.0842875
0.0841854
0.0840898
0.0840007
0.0839182
0.0838423
0.0837729
0.0837102
0.0836541
0.0836046
0.0835616
0.0835253
0.0834956
0.0834725
0.083456
0.0834461
0.0834427
0.0834459
0.0834556
0.0834719
0.0834946
0.0835238
0.0835595
0.0836015
0.08365
0.0837048
0.0837659
0.0838333
0.0839069
0.0839868
0.0840728
0.0841649
0.0842631
0.0843673
0.0844775
0.0845936
0.0847156
0.0848434
0.0849769
0.0851162
0.085261
0.0854114
0.0855673
0.0857287
0.0858954
0.0860674
0.0862446
0.086427
0.0866145
0.086807
0.0870043
0.0872066
0.0874135
0.0876252
0.0878415
0.0880622
0.0882874
0.088517
0.0887508
0.0889887
0.0892307
0.0894767
0.0897266
0.0899803
0.0902376
0.0904986
0.090763
0.0910309
0.091302
0.0915764
0.0918539
0.0921343
0.0924177
0.0927039
0.0929927
0.0932842
0.0935781
0.0938744
0.094173
0.0944738
0.0947766
0.0950814
0.095388
0.0956963
0.0960063
0.0963179
0.0966308
0.096945
0.0972605
0.097577
0.0978945
0.0982129
0.0985321
0.0988519
0.0991722
0.099493
0.0998141
0.100136
0.100457
0.100778
0.1011
0.101421
0.101742
0.102062
0.102382
0.102701
0.10302
0.103338
0.103655
0.10397
0.104285
0.104598
0.10491
0.105221
0.10553
0.105837
0.106143
0.106447
0.106748
0.107048
0.107346
0.107641
0.107935
0.108225
0.108514
0.108799
0.109083
0.109363
0.10964
0.109915
0.110186
0.110455
0.11072
0.110982
0.111241
0.111496
0.111748
0.111997
0.112241
0.112483
0.11272
0.112953
0.113183
0.113409
0.11363
0.113848
0.114061
0.11427
0.114475
0.114676
0.114872
0.115064
0.115252
0.115434
0.115613
0.115786
0.115956
0.11612
0.11628
0.116434
0.116584
0.11673
0.11687
0.117005
0.117136
0.117261
0.117382
0.117497
0.117607
0.117713
0.117813
0.117908
0.117998
0.118083
0.118162
0.118237
0.118306
0.11837
0.118429
0.118483
0.118531
0.118575
0.118613
0.118645
0.118673
0.118696
0.118713
0.118725
0.118732
0.118733
0.11873
0.118721
0.118708
0.118689
0.118665
0.118636
0.118602
0.118563
0.118519
0.11847
0.118416
0.118358
0.118294
0.118225
0.118152
0.118074
0.117991
0.117904
0.117812
0.117715
0.117614
0.117508
0.117397
0.117283
0.117163
0.11704
0.116912
0.11678
0.116644
0.116503
0.116359
0.116211
0.116058
0.115902
0.115742
0.115578
0.11541
0.115239
0.115064
0.114885
0.114703
0.114518
0.114329
0.114137
0.113942
0.113744
0.113542
0.113338
0.113131
0.112921
0.112708
0.112492
0.112274
0.112053
0.111829
0.111604
0.111376
0.111145
0.110913
0.110678
0.110442
0.110203
0.109963
0.10972
0.109476
0.109231
0.108984
0.108735
0.108485
0.108234
0.107981
0.107727
0.107472
0.107217
0.10696
0.106702
0.106444
0.106185
0.105926
0.105665
0.105405
0.105144
0.104883
0.104622
0.10436
0.104099
0.103837
0.103576
0.103315
0.103054
0.102794
0.102534
0.102274
0.102015
0.101757
0.1015
0.101243
0.100987
0.100732
0.100479
0.100226
0.0999745
0.0997244
0.0994755
0.0992281
0.0989821
0.0987377
0.0984949
0.0982538
0.0980145
0.097777
0.0975413
0.0973076
0.097076
0.0968464
0.0966189
0.0963937
0.0961708
0.0959501
0.0957319
0.0955161
0.0953029
0.0950922
0.0948841
0.0946787
0.094476
0.0942761
0.0940791
0.093885
0.0936938
0.0935056
0.0933204
0.0931383
0.0929594
0.0927836
0.0926111
0.0924419
0.0922759
0.0921133
0.0919541
0.0917984
0.0916461
0.0914974
0.0913521
0.0912105
0.0910725
0.0909381
0.0908074
0.0906805
0.0905572
0.0904378
0.0903221
0.0902103
0.0901023
0.0899982
0.089898
0.0898016
0.0897093
0.0896209
0.0895364
0.089456
0.0893795
0.0893071
0.0892388
0.0891744
0.0891141
0.0890579
0.0890058
0.0889578
0.0889138
0.088874
0.0888382
0.0888066
0.088779
0.0887556
0.0887363
0.088721
0.0887099
0.0887029
0.0887
0.0887012
0.0887064
0.0887157
0.0887291
0.0887466
0.088768
0.0887936
0.0888231
0.0888566
0.0888942
0.0889356
0.0889811
0.0890305
0.0890838
0.089141
0.089202
0.0892669
0.0893357
0.0894082
0.0894845
0.0895646
0.0896484
0.0897359
0.089827
0.0899218
0.0900201
0.0901221
0.0902276
0.0903365
0.090449
0.0905649
0.0906841
0.0908068
0.0909327
0.0910619
0.0911944
0.0913301
0.0914689
0.0916108
0.0917558
0.0919039
0.0920549
0.0922089
0.0923657
0.0925254
0.0926879
0.0928532
0.0930212
0.0931918
0.093365
0.0935408
0.0937191
0.0938998
0.0940829
0.0942684
0.0944562
0.0946462
0.0948384
0.0950327
0.0952291
0.0954275
0.0956279
0.0958302
0.0960344
0.0962403
0.096448
0.0966573
0.0968683
0.0970808
0.0972948
0.0975103
0.0977271
0.0979453
0.0981647
0.0983853
0.0986071
0.0988299
0.0990537
0.0992785
0.0995042
0.0997307
0.099958
0.100186
0.100415
0.100644
0.100873
0.101104
0.101334
0.101565
0.101796
0.102028
0.102259
0.102491
0.102722
0.102954
0.103185
0.103416
0.103647
0.103878
0.104108
0.104338
0.104567
0.104796
0.105024
0.105252
0.105479
0.105705
0.10593
0.106154
0.106377
0.106599
0.10682
0.10704
0.107259
0.107476
0.107692
0.107907
0.10812
0.108332
0.108542
0.10875
0.108957
0.109162
0.109365
0.109566
0.109765
0.109963
0.110158
0.110351
0.110543
0.110732
0.110918
0.111103
0.111285
0.111464
0.111642
0.111816
0.111989
0.112158
0.112325
0.112489
0.112651
0.11281
0.112966
0.113119
0.113269
0.113416
0.11356
0.113701
0.113839
0.113974
0.114106
0.114235
0.11436
0.114482
0.114601
0.114717
0.114829
0.114938
0.115043
0.115145
0.115243
0.115338
0.115429
0.115516
0.1156
0.115681
0.115757
0.11583
0.115899
0.115965
0.116027
0.116084
0.116139
0.116189
0.116235
0.116278
0.116316
0.116351
0.116382
0.116409
0.116432
0.116451
0.116466
0.116478
0.116485
0.116488
0.116487
0.116482
0.116474
0.116461
0.116444
0.116423
0.116398
0.11637
0.116337
0.1163
0.116259
0.116214
0.116166
0.116113
0.116056
0.115996
0.115931
0.115862
0.11579
0.115714
0.115633
0.115549
0.115461
0.115369
0.115274
0.115174
0.115071
0.114964
0.114853
0.114739
0.11462
0.114499
0.114373
0.114244
0.114111
0.113975
0.113835
0.113692
0.113546
0.113396
0.113242
0.113085
0.112925
0.112762
0.112595
0.112426
0.112253
0.112077
0.111898
0.111716
0.111531
0.111343
0.111152
0.110958
0.110762
0.110563
0.110361
0.110156
0.109949
0.10974
0.109528
0.109314
0.109097
0.108878
0.108657
0.108433
0.108208
0.10798
0.10775
0.107519
0.107285
0.10705
0.106813
0.106574
0.106334
0.106092
0.105849
0.105604
0.105358
0.105111
0.104862
0.104612
0.104361
0.10411
0.103857
0.103603
0.103349
0.103094
0.102838
0.102581
0.102324
0.102067
0.101809
0.101552
0.101293
0.101035
0.100777
0.100518
0.10026
0.100002
0.0997443
0.0994868
0.0992298
0.0989732
0.0987171
0.0984617
0.098207
0.0979531
0.0977
0.0974479
0.0971968
0.0969468
0.096698
0.0964504
0.0962042
0.0959593
0.095716
0.0954742
0.095234
0.0949955
0.0947589
0.094524
0.0942911
0.0940603
0.0938315
0.0936048
0.0933805
0.0931584
0.0929386
0.0927214
0.0925067
0.0922945
0.092085
0.0918783
0.0916744
0.0914734
0.0912753
0.0910802
0.0908882
0.0906993
0.0905137
0.0903313
0.0901523
0.0899767
0.0898046
0.089636
0.089471
0.0893097
0.0891521
0.0889982
0.0888482
0.0887021
0.08856
0.0884218
0.0882877
0.0881577
0.0880319
0.0879102
0.0877929
0.0876798
0.0875712
0.0874669
0.0873671
0.0872717
0.0871809
0.0870947
0.0870131
0.0869362
0.0868639
0.0867964
0.0867337
0.0866757
0.0866226
0.0865744
0.0865311
0.0864927
0.0864592
0.0864307
0.0864072
0.0863888
0.0863754
0.086367
0.0863637
0.0863656
0.0863725
0.0863846
0.0864018
0.0864242
0.0864517
0.0864844
0.0865223
0.0865653
0.0866136
0.086667
0.0867256
0.0867893
0.0868583
0.0869324
0.0870117
0.0870961
0.0871857
0.0872804
0.0873802
0.0874852
0.0875952
0.0877102
0.0878304
0.0879555
0.0880857
0.0882208
0.0883609
0.0885059
0.0886558
0.0888105
0.0889701
0.0891344
0.0893035
0.0894774
0.0896559
0.089839
0.0900267
0.0902189
0.0904157
0.0906169
0.0908225
0.0910324
0.0912466
0.0914651
0.0916877
0.0919145
0.0921453
0.0923802
0.0926189
0.0928616
0.093108
0.0933582
0.0936121
0.0938696
0.0941306
0.0943951
0.0946629
0.0949341
0.0952085
0.0954861
0.0957667
0.0960504
0.0963369
0.0966263
0.0969184
0.0972132
0.0975106
0.0978105
0.0981127
0.0984173
0.0987241
0.099033
0.0993439
0.0996568
0.0999715
0.100288
0.100606
0.100926
0.101247
0.101569
0.101893
0.102218
0.102544
0.10287
0.103198
0.103527
0.103856
0.104185
0.104515
0.104845
0.105176
0.105506
0.105837
0.106167
0.106498
0.106827
0.107157
0.107486
0.107814
0.108141
0.108468
0.108793
0.109118
0.109441
0.109763
0.110083
0.110402
0.110719
0.111035
0.111349
0.11166
0.11197
0.112277
0.112582
0.112884
0.113184
0.113482
0.113776
0.114068
0.114357
0.114642
0.114925
0.115204
0.11548
0.115753
0.116021
0.116287
0.116548
0.116805
0.117059
0.117308
0.117554
0.117795
0.118031
0.118263
0.118491
0.118714
0.118932
0.119146
0.119354
0.119558
0.119756
0.119949
0.120138
0.12032
0.120498
0.12067
0.120836
0.120997
0.121152
0.121301
0.121445
0.121582
0.121714
0.121839
0.121959
0.122072
0.122179
0.12228
0.122375
0.122463
0.122545
0.12262
0.122689
0.122752
0.122807
0.122856
0.122899
0.122935
0.122964
0.122986
0.123001
0.12301
0.123012
0.123007
0.122995
0.122976
0.12295
0.122917
0.122878
0.122831
0.122778
0.122717
0.12265
0.122575
0.122494
0.122406
0.122311
0.122208
0.122099
0.121983
0.121861
0.121731
0.121594
0.121451
0.121301
0.121144
0.120981
0.12081
0.120633
0.12045
0.12026
0.120063
0.11986
0.119651
0.119435
0.119213
0.118985
0.11875
0.11851
0.118263
0.11801
0.117751
0.117487
0.117217
0.116941
0.116659
0.116372
0.116079
0.115781
0.115478
0.115169
0.114856
0.114537
0.114213
0.113885
0.113552
0.113214
0.112872
0.112525
0.112174
0.111818
0.111459
0.111096
0.110728
0.110357
0.109983
0.109605
0.109223
0.108838
0.10845
0.108059
0.107665
0.107269
0.106869
0.106467
0.106063
0.105657
0.105248
0.104838
0.104425
0.104011
0.103595
0.103178
0.10276
0.102341
0.10192
0.101499
0.101077
0.100654
0.100231
0.0998077
0.0993843
0.0989609
0.0985377
0.0981148
0.0976923
0.0972705
0.0968495
0.0964294
0.0960103
0.0955925
0.095176
0.0947611
0.0943478
0.0939363
0.0935268
0.0931194
0.0927143
0.0923116
0.0919115
0.091514
0.0911194
0.0907279
0.0903394
0.0899543
0.0895726
0.0891945
0.0888201
0.0884496
0.088083
0.0877207
0.0873626
0.087009
0.0866599
0.0863155
0.0859759
0.0856413
0.0853119
0.0849876
0.0846687
0.0843553
0.0840475
0.0837455
0.0834493
0.083159
0.0828749
0.082597
0.0823255
0.0820603
0.0818018
0.0815499
0.0813048
0.0810665
0.0808353
0.0806111
0.0803941
0.0801844
0.0799821
0.0797873
0.0796
0.0794203
0.0792484
0.0790843
0.0789281
0.0787799
0.0786397
0.0785076
0.0783837
0.0782681
0.0781607
0.0780618
0.0779713
0.0778893
0.0778158
0.0777509
0.0776947
0.0776471
0.0776083
0.0775782
0.077557
0.0775445
0.0775409
0.0775462
0.0775605
0.0775836
0.0776157
0.0776567
0.0777067
0.0777656
0.0778336
0.0779105
0.0779963
0.0780912
0.078195
0.0783077
0.0784294
0.07856
0.0786994
0.0788478
0.0790049
0.0791709
0.0793456
0.079529
0.0797211
0.0799219
0.0801312
0.0803491
0.0805755
0.0808103
0.0810534
0.0813049
0.0815646
0.0818324
0.0821083
0.0823923
0.0826842
0.0829839
0.0832913
0.0836065
0.0839292
0.0842594
0.084597
0.0849419
0.0852939
0.0856531
0.0860192
0.0863921
0.0867718
0.0871581
0.0875508
0.08795
0.0883554
0.0887669
0.0891844
0.0896078
0.0900369
0.0904715
0.0909116
0.091357
0.0918075
0.092263
0.0927234
0.0931884
0.093658
0.094132
0.0946102
0.0950925
0.0955787
0.0960686
0.096562
0.0970589
0.097559
0.0980622
0.0985683
0.0990771
0.0995884
0.100102
0.100618
0.101136
0.101655
0.102177
0.1027
0.103224
0.103749
0.104275
0.104802
0.105329
0.105856
0.106384
0.106912
0.107439
0.107966
0.108493
0.109019
0.109543
0.110067
0.110589
0.111109
0.111628
0.112145
0.11266
0.113172
0.113682
0.114189
0.114693
0.115194
0.115692
0.116186
0.116677
0.117164
0.117647
0.118125
0.118599
0.119069
0.119534
0.119994
0.120449
0.120898
0.121342
0.12178
0.122213
0.12264
0.12306
0.123474
0.123882
0.124283
0.124677
0.125064
0.125444
0.125817
0.126182
0.12654
0.12689
0.127232
0.127566
0.127892
0.12821
0.128519
0.12882
0.129112
0.129395
0.129669
0.129934
0.13019
0.130437
0.130674
0.130902
0.13112
0.131328
0.131527
0.131716
0.131894
0.132063
0.132221
0.132369
0.132507
0.132634
0.132751
0.132857
0.132953
0.133038
0.133112
0.133175
0.133228
0.133269
0.1333
0.13332
0.133329
0.133327
0.133313
0.133289
0.133254
0.133207
0.13315
0.133081
0.133001
0.13291
0.132808
0.132695
0.132571
0.132436
0.132289
0.132132
0.131964
0.131785
0.131595
0.131394
0.131182
0.13096
0.130726
0.130483
0.130228
0.129964
0.129688
0.129403
0.129107
0.128801
0.128485
0.128159
0.127823
0.127477
0.127121
0.126756
0.126382
0.125998
0.125604
0.125202
0.124791
0.124371
0.123942
0.123504
0.123058
0.122604
0.122142
0.121671
0.121193
0.120707
0.120214
0.119713
0.119205
0.11869
0.118168
0.117639
0.117104
0.116562
0.116015
0.115461
0.114902
0.114337
0.113767
0.113191
0.112611
0.112025
0.111436
0.110841
0.110243
0.109641
0.109035
0.108425
0.107812
0.107196
0.106577
0.105956
0.105332
0.104706
0.104078
0.103448
0.102816
0.102184
0.10155
0.100915
0.10028
0.0996446
0.0990089
0.0983733
0.0977379
0.0971032
0.0964692
0.0958362
0.0952046
0.0945744
0.0939459
0.0933194
0.0926951
0.0920733
0.0914541
0.0908378
0.0902246
0.0896148
0.0890086
0.0884062
0.0878079
0.0872139
0.0866243
0.0860396
0.0854597
0.0848851
0.0843159
0.0837523
0.0831946
0.0826429
0.0820975
0.0815586
0.0810264
0.0805012
0.079983
0.0794722
0.078969
0.0784735
0.0779859
0.0775064
0.0770353
0.0765727
0.0761188
0.0756738
0.0752378
0.0748112
0.0743939
0.0739863
0.0735884
0.0732004
0.0728226
0.072455
0.0720979
0.0717513
0.0714155
0.0710905
0.0707765
0.0704737
0.0701822
0.0699021
0.0696335
0.0693766
0.0691315
0.0688983
0.068677
0.068468
0.0682711
0.0680865
0.0679144
0.0677547
0.0676076
0.0674732
0.0673516
0.0672427
0.0671467
0.0670637
0.0669936
0.0669366
0.0668927
0.0668619
0.0668443
0.0668399
0.0668488
0.0668709
0.0669063
0.0669549
0.0670169
0.0670922
0.0671808
0.0672827
0.0673979
0.0675263
0.067668
0.0678229
0.067991
0.0681723
0.0683667
0.0685742
0.0687947
0.0690282
0.0692745
0.0695337
0.0698057
0.0700904
0.0703877
0.0706975
0.0710198
0.0713544
0.0717013
0.0720603
0.0724313
0.0728143
0.0732091
0.0736155
0.0740336
0.074463
0.0749037
0.0753556
0.0758185
0.0762922
0.0767766
0.0772716
0.0777769
0.0782925
0.078818
0.0793535
0.0798986
0.0804533
0.0810172
0.0815903
0.0821723
0.0827631
0.0833624
0.08397
0.0845857
0.0852094
0.0858407
0.0864795
0.0871255
0.0877786
0.0884385
0.0891049
0.0897777
0.0904566
0.0911413
0.0918316
0.0925273
0.0932281
0.0939338
0.0946441
0.0953588
0.0960776
0.0968002
0.0975264
0.098256
0.0989886
0.099724
0.100462
0.101202
0.101944
0.102688
0.103434
0.10418
0.104928
0.105676
0.106424
0.107173
0.107921
0.108669
0.109416
0.110162
0.110906
0.11165
0.112391
0.11313
0.113866
0.1146
0.115331
0.116059
0.116783
0.117504
0.11822
0.118932
0.119639
0.120341
0.121038
0.12173
0.122416
0.123096
0.12377
0.124437
0.125098
0.125752
0.126398
0.127037
0.127668
0.128291
0.128905
0.129512
0.130109
0.130698
0.131277
0.131847
0.132407
0.132957
0.133497
0.134027
0.134546
0.135054
0.135552
0.136038
0.136513
0.136976
0.137427
0.137867
0.138294
0.138709
0.139112
0.139501
0.139878
0.140242
0.140593
0.14093
0.141254
0.141565
0.141861
0.142144
0.142413
0.142667
0.142908
0.143134
0.143345
0.143542
0.143724
0.143891
0.144044
0.144181
0.144304
0.144411
0.144503
0.14458
0.144642
0.144689
0.14472
0.144735
0.144735
0.14472
0.144689
0.144643
0.144581
0.144503
0.144411
0.144302
0.144178
0.144039
0.143884
0.143714
0.143528
0.143327
0.14311
0.142879
0.142632
0.14237
0.142093
0.141801
0.141495
0.141173
0.140837
0.140486
0.140121
0.139741
0.139347
0.138939
0.138517
0.138081
0.137631
0.137167
0.136691
0.136201
0.135697
0.135181
0.134652
0.134111
0.133556
0.13299
0.132412
0.131822
0.13122
0.130606
0.129982
0.129346
0.1287
0.128043
0.127375
0.126698
0.12601
0.125313
0.124607
0.123891
0.123167
0.122433
0.121692
0.120942
0.120185
0.119419
0.118647
0.117867
0.117081
0.116288
0.115489
0.114684
0.113874
0.113058
0.112237
0.111411
0.110581
0.109747
0.108909
0.108067
0.107223
0.106375
0.105525
0.104672
0.103818
0.102962
0.102105
0.101246
0.100387
0.0995277
0.0986682
0.0978091
0.0969505
0.0960928
0.0952364
0.0943815
0.0935286
0.0926778
0.0918296
0.0909842
0.090142
0.0893033
0.0884685
0.0876377
0.0868114
0.0859899
0.0851735
0.0843624
0.0835571
0.0827578
0.0819648
0.0811785
0.080399
0.0796269
0.0788623
0.0781055
0.0773568
0.0766166
0.0758851
0.0751626
0.0744494
0.0737458
0.073052
0.0723684
0.0716952
0.0710326
0.070381
0.0697405
0.0691116
0.0684943
0.067889
0.0672959
0.0667152
0.0661472
0.0655921
0.0650502
0.0645216
0.0640066
0.0635054
0.0630182
0.0625453
0.0620867
0.0616427
0.0612136
0.0607994
0.0604004
0.0600167
0.0596485
0.0592959
0.0589592
0.0586385
0.0583338
0.0580454
0.0577734
0.057518
0.0572791
0.057057
0.0568517
0.0566635
0.0564922
0.0563382
0.0562013
0.0560818
0.0559796
0.0558949
0.0558277
0.0557781
0.055746
0.0557317
0.0557349
0.0557559
0.0557946
0.0558511
0.0559253
0.0560172
0.0561268
0.0562542
0.0563993
0.056562
0.0567424
0.0569403
0.0571559
0.0573889
0.0576393
0.0579071
0.0581922
0.0584946
0.058814
0.0591505
0.0595039
0.0598741
0.060261
0.0606646
0.0610845
0.0615209
0.0619734
0.0624419
0.0629264
0.0634266
0.0639424
0.0644735
0.0650199
0.0655814
0.0661577
0.0667487
0.0673541
0.0679738
0.0686076
0.0692551
0.0699163
0.0705909
0.0712786
0.0719793
0.0726926
0.0734183
0.0741562
0.074906
0.0756674
0.0764402
0.0772241
0.0780189
0.0788242
0.0796397
0.0804652
0.0813004
0.0821449
0.0829985
0.0838609
0.0847317
0.0856107
0.0864975
0.0873917
0.0882932
0.0892015
0.0901163
0.0910373
0.0919641
0.0928965
0.093834
0.0947763
0.0957231
0.0966741
0.0976288
0.0985869
0.0995481
0.100512
0.101478
0.102447
0.103416
0.104388
0.10536
0.106332
0.107305
0.108278
0.10925
0.110221
0.111191
0.112159
0.113125
0.114089
0.11505
0.116008
0.116963
0.117914
0.11886
0.119802
0.120739
0.121671
0.122597
0.123517
0.124431
0.125338
0.126238
0.127131
0.128016
0.128893
0.129761
0.130621
0.131472
0.132313
0.133144
0.133966
0.134777
0.135577
0.136366
0.137144
0.13791
0.138664
0.139406
0.140136
0.140852
0.141556
0.142246
0.142922
0.143585
0.144233
0.144867
0.145486
0.14609
0.146678
0.147252
0.147809
0.148351
0.148876
0.149385
0.149877
0.150353
0.150811
0.151252
0.151676
0.152082
0.152471
0.152841
0.153194
0.153528
0.153844
0.154141
0.15442
0.154679
0.15492
0.155142
0.155344
0.155528
0.155692
0.155836
0.155961
0.156066
0.156152
0.156218
0.156264
0.15629
0.156297
0.156283
0.15625
0.156197
0.156124
0.156031
0.155918
0.155785
0.155632
0.155459
0.155267
0.155055
0.154823
0.154571
0.1543
0.15401
0.1537
0.15337
0.153022
0.152654
0.152268
0.151862
0.151438
0.150995
0.150533
0.150054
0.149556
0.14904
0.148506
0.147955
0.147386
0.1468
0.146197
0.145577
0.14494
0.144287
0.143617
0.142932
0.142231
0.141514
0.140782
0.140035
0.139273
0.138497
0.137707
0.136903
0.136085
0.135254
0.134409
0.133552
0.132683
0.131801
0.130908
0.130003
0.129087
0.12816
0.127223
0.126276
0.125318
0.124352
0.123376
0.122391
0.121398
0.120397
0.119388
0.118372
0.11735
0.11632
0.115284
0.114243
0.113196
0.112145
0.111088
0.110028
0.108963
0.107895
0.106825
0.105751
0.104675
0.103598
0.102519
0.101439
0.100358
0.0992775
0.0981969
0.0971169
0.096038
0.0949605
0.0938848
0.0928113
0.0917405
0.0906728
0.0896085
0.0885481
0.087492
0.0864406
0.0853942
0.0843533
0.0833183
0.0822896
0.0812676
0.0802527
0.0792452
0.0782455
0.0772541
0.0762713
0.0752976
0.0743332
0.0733785
0.072434
0.0715
0.0705769
0.069665
0.0687646
0.0678762
0.0670001
0.0661367
0.0652862
0.064449
0.0636254
0.0628159
0.0620206
0.0612399
0.0604742
0.0597237
0.0589887
0.0582695
0.0575665
0.0568799
0.0562099
0.0555569
0.0549212
0.0543029
0.0537024
0.0531198
0.0525555
0.0520096
0.0514824
0.0509742
0.050485
0.0500153
0.049565
0.0491345
0.0487238
0.0483333
0.0479631
0.0476133
0.047284
0.0469755
0.0466879
0.0464213
0.0461758
0.0459516
0.0457487
0.0455673
0.0454075
0.0452693
0.0451529
0.0450582
0.0449854
0.0449345
0.0449055
0.0448986
0.0449136
0.0449508
0.0450099
0.0450911
0.0451944
0.0453197
0.045467
0.0456364
0.0458276
0.0460408
0.0462758
0.0465326
0.0468111
0.0471113
0.047433
0.0477762
0.0481407
0.0485264
0.0489333
0.0493611
0.0498098
0.0502792
0.0507691
0.0512794
0.05181
0.0523606
0.052931
0.0535211
0.0541307
0.0547596
0.0554075
0.0560742
0.0567595
0.0574631
0.0581849
0.0589245
0.0596818
0.0604563
0.0612479
0.0620564
0.0628813
0.0637224
0.0645794
0.065452
0.0663399
0.0672428
0.0681603
0.0690922
0.070038
0.0709975
0.0719702
0.072956
0.0739543
0.0749648
0.0759872
0.077021
0.078066
0.0791217
0.0801877
0.0812637
0.0823492
0.0834439
0.0845473
0.0856591
0.0867788
0.087906
0.0890404
0.0901814
0.0913286
0.0924817
0.0936402
0.0948037
0.0959718
0.0971439
0.0983197
0.0994987
0.10068
0.101865
0.103051
0.104238
0.105427
0.106616
0.107805
0.108994
0.110182
0.111368
0.112554
0.113737
0.114917
0.116094
0.117268
0.118438
0.119604
0.120764
0.12192
0.123069
0.124213
0.12535
0.12648
0.127603
0.128717
0.129824
0.130921
0.13201
0.133089
0.134157
0.135216
0.136263
0.1373
0.138324
0.139337
0.140337
0.141325
0.142299
0.143259
0.144206
0.145138
0.146056
0.146958
0.147845
0.148716
0.149572
0.15041
0.151232
0.152037
0.152824
0.153593
0.154345
0.155078
0.155792
0.156488
0.157164
0.15782
0.158457
0.159074
0.15967
0.160246
0.160801
0.161335
0.161848
0.162339
0.162809
0.163257
0.163682
0.164086
0.164467
0.164825
0.165161
0.165474
0.165764
0.16603
0.166273
0.166493
0.16669
0.166862
0.167011
0.167136
0.167238
0.167315
0.167369
0.167398
0.167403
0.167385
0.167342
0.167275
0.167184
0.167069
0.166929
0.166766
0.166579
0.166368
0.166132
0.165873
0.165591
0.165284
0.164954
0.1646
0.164223
0.163823
0.1634
0.162953
0.162484
0.161992
0.161478
0.160941
0.160382
0.159801
0.159198
0.158574
0.157928
0.157261
0.156573
0.155864
0.155135
0.154386
0.153617
0.152829
0.15202
0.151193
0.150347
0.149483
0.1486
0.1477
0.146782
0.145847
0.144895
0.143926
0.142942
0.141941
0.140925
0.139894
0.138848
0.137788
0.136714
0.135627
0.134526
0.133413
0.132287
0.131149
0.13
0.12884
0.127669
0.126488
0.125297
0.124097
0.122888
0.12167
0.120445
0.119212
0.117972
0.116725
0.115472
0.114214
0.11295
0.111682
0.110409
0.109133
0.107853
0.10657
0.105285
0.103999
0.102711
0.101422
0.100133
0.0988435
0.0975549
0.0962675
0.0949816
0.0936977
0.0924165
0.0911382
0.0898635
0.0885928
0.0873266
0.0860654
0.0848096
0.0835598
0.0823165
0.08108
0.0798509
0.0786297
0.0774168
0.0762126
0.0750178
0.0738326
0.0726576
0.0714933
0.07034
0.0691983
0.0680685
0.0669512
0.0658466
0.0647554
0.0636779
0.0626145
0.0615656
0.0605317
0.0595131
0.0585103
0.0575237
0.0565536
0.0556004
0.0546646
0.0537464
0.0528462
0.0519644
0.0511014
0.0502575
0.049433
0.0486283
0.0478436
0.0470794
0.0463359
0.0456133
0.0449121
0.0442325
0.0435747
0.0429391
0.0423258
0.0417353
0.0411676
0.040623
0.0401018
0.0396042
0.0391304
0.0386806
0.0382549
0.0378537
0.0374769
0.0371249
0.0367977
0.0364956
0.0362186
0.0359669
0.0357405
0.0355397
0.0353645
0.035215
0.0350912
0.0349933
0.0349213
0.0348752
0.0348552
0.0348612
0.0348932
0.0349513
0.0350355
0.0351457
0.0352819
0.0354442
0.0356324
0.0358466
0.0360866
0.0363524
0.036644
0.0369612
0.0373039
0.037672
0.0380655
0.0384842
0.0389279
0.0393965
0.0398898
0.0404078
0.0409501
0.0415167
0.0421074
0.0427218
0.0433599
0.0440214
0.0447061
0.0454136
0.0461439
0.0468966
0.0476715
0.0484683
0.0492866
0.0501263
0.050987
0.0518684
0.0527702
0.0536921
0.0546337
0.0555948
0.0565748
0.0575736
0.0585907
0.0596258
0.0606784
0.0617483
0.062835
0.0639381
0.0650572
0.066192
0.0673419
0.0685066
0.0696856
0.0708785
0.0720849
0.0733043
0.0745363
0.0757804
0.0770362
0.0783031
0.0795808
0.0808687
0.0821663
0.0834733
0.084789
0.086113
0.0874449
0.088784
0.09013
0.0914822
0.0928403
0.0942036
0.0955717
0.0969441
0.0983202
0.0996996
0.101082
0.102466
0.103852
0.105239
0.106626
0.108014
0.109401
0.110788
0.112173
0.113555
0.114936
0.116313
0.117687
0.119056
0.120421
0.121781
0.123135
0.124483
0.125824
0.127158
0.128484
0.129802
0.131111
0.132411
0.133701
0.134981
0.13625
0.137508
0.138754
0.139988
0.14121
0.142418
0.143612
0.144793
0.145959
0.14711
0.148245
0.149365
0.150468
0.151555
0.152624
0.153676
0.154709
0.155725
0.156721
0.157698
0.158656
0.159594
0.160511
0.161407
0.162283
0.163137
0.163969
0.16478
0.165567
0.166333
0.167075
0.167793
0.168488
0.16916
0.169806
0.170429
0.171027
0.1716
0.172147
0.172669
0.173166
0.173637
0.174082
0.1745
0.174892
0.175257
0.175596
0.175908
0.176193
0.17645
0.176681
0.176884
0.177059
0.177207
0.177327
0.17742
0.177485
0.177522
0.177531
0.177512
0.177465
0.177391
0.177288
0.177158
0.177
0.176814
0.1766
0.176359
0.17609
0.175793
0.175469
0.175118
0.174739
0.174333
0.1739
0.173441
0.172954
0.172442
0.171902
0.171337
0.170746
0.170129
0.169486
0.168818
0.168125
0.167408
0.166665
0.165898
0.165107
0.164293
0.163455
0.162594
0.161709
0.160803
0.159874
0.158923
0.157951
0.156957
0.155943
0.154908
0.153853
0.152779
0.151685
0.150572
0.149441
0.148291
0.147124
0.14594
0.144739
0.143522
0.142289
0.14104
0.139776
0.138498
0.137206
0.1359
0.134581
0.13325
0.131906
0.130551
0.129185
0.127809
0.126422
0.125026
0.123621
0.122207
0.120785
0.119356
0.11792
0.116478
0.11503
0.113577
0.112119
0.110657
0.109191
0.107722
0.106251
0.104778
0.103303
0.101828
0.100353
0.0988773
0.097403
0.09593
0.0944591
0.0929907
0.0915255
0.0900639
0.0886065
0.087154
0.0857068
0.0842654
0.0828306
0.0814027
0.0799824
0.0785702
0.0771666
0.0757722
0.0743875
0.073013
0.0716493
0.0702969
0.0689563
0.0676281
0.0663127
0.0650107
0.0637225
0.0624487
0.0611898
0.0599462
0.0587185
0.057507
0.0563123
0.0551349
0.0539752
0.0528336
0.0517107
0.0506068
0.0495223
0.0484578
0.0474136
0.0463901
0.0453878
0.044407
0.0434481
0.0425115
0.0415976
0.0407067
0.0398392
0.0389954
0.0381757
0.0373804
0.0366099
0.0358643
0.0351441
0.0344495
0.0337808
0.0331383
0.0325222
0.0319328
0.0313704
0.0308351
0.0303272
0.0298469
0.0293944
0.0289699
0.0285735
0.0282055
0.027866
0.0275552
0.0272732
0.02702
0.0267959
0.0266009
0.0264352
0.0262988
0.0261918
0.0261142
0.0260661
0.0260475
0.0260585
0.0260991
0.0261693
0.026269
0.0263983
0.0265572
0.0267455
0.0269633
0.0272104
0.0274869
0.0277925
0.0281273
0.0284911
0.0288838
0.0293053
0.0297553
0.0302339
0.0307408
0.0312758
0.0318388
0.0324295
0.0330478
0.0336934
0.0343661
0.0350657
0.0357919
0.0365445
0.0373232
0.0381277
0.0389577
0.039813
0.0406932
0.041598
0.0425271
0.0434802
0.0444568
0.0454567
0.0464794
0.0475247
0.0485921
0.0496812
0.0507917
0.0519231
0.053075
0.0542469
0.0554386
0.0566494
0.0578791
0.059127
0.0603928
0.0616759
0.062976
0.0642925
0.065625
0.0669728
0.0683357
0.0697129
0.0711041
0.0725086
0.073926
0.0753558
0.0767974
0.0782502
0.0797138
0.0811876
0.0826709
0.0841634
0.0856643
0.0871732
0.0886894
0.0902125
0.0917418
0.0932767
0.0948167
0.0963612
0.0979096
0.0994613
0.101016
0.102572
0.10413
0.10569
0.107249
0.108808
0.110367
0.111924
0.113479
0.115031
0.116581
0.118126
0.119667
0.121204
0.122734
0.124259
0.125777
0.127287
0.12879
0.130284
0.13177
0.133245
0.134711
0.136166
0.137609
0.139041
0.140461
0.141867
0.14326
0.144639
0.146004
0.147353
0.148687
0.150005
0.151306
0.15259
0.153857
0.155105
0.156335
0.157546
0.158737
0.159908
0.161059
0.162189
0.163298
0.164384
0.165449
0.166491
0.16751
0.168506
0.169477
0.170425
0.171348
0.172246
0.173118
0.173966
0.174787
0.175581
0.17635
0.177091
0.177805
0.178491
0.17915
0.179781
0.180383
0.180957
0.181502
0.182018
0.182504
0.182962
0.183389
0.183787
0.184155
0.184493
0.184801
0.185078
0.185324
0.18554
0.185725
0.18588
0.186003
0.186096
0.186157
0.186188
0.186187
0.186155
0.186093
0.185999
0.185874
0.185718
0.18553
0.185312
0.185063
0.184784
0.184473
0.184132
0.18376
0.183358
0.182926
0.182464
0.181971
0.181449
0.180897
0.180316
0.179706
0.179067
0.178399
0.177702
0.176977
0.176224
0.175444
0.174636
0.173801
0.172939
0.17205
0.171135
0.170195
0.169228
0.168237
0.167221
0.16618
0.165115
0.164027
0.162915
0.16178
0.160623
0.159444
0.158244
0.157022
0.155779
0.154517
0.153234
0.151932
0.150612
0.149273
0.147916
0.146542
0.145152
0.143745
0.142322
0.140884
0.139431
0.137965
0.136484
0.134991
0.133485
0.131968
0.130439
0.128899
0.127349
0.125789
0.124221
0.122644
0.121059
0.119468
0.117869
0.116265
0.114655
0.11304
0.111421
0.109799
0.108174
0.106546
0.104917
0.103286
0.101655
0.100024
0.0983944
0.0967658
0.0951392
0.0935153
0.0918945
0.0902777
0.0886653
0.087058
0.0854565
0.0838612
0.0822729
0.0806922
0.0791196
0.0775557
0.0760012
0.0744567
0.0729226
0.0713997
0.0698886
0.0683897
0.0669036
0.0654311
0.0639725
0.0625285
0.0610996
0.0596864
0.0582894
0.0569092
0.0555463
0.0542012
0.0528744
0.0515665
0.050278
0.0490093
0.047761
0.0465336
0.0453274
0.044143
0.0429809
0.0418415
0.0407253
0.0396326
0.0385639
0.0375197
0.0365003
0.0355061
0.0345376
0.0335951
0.032679
0.0317896
0.0309273
0.0300924
0.0292853
0.0285063
0.0277557
0.0270338
0.0263409
0.0256773
0.0250432
0.0244388
0.0238645
0.0233205
0.022807
0.0223241
0.0218722
0.0214513
0.0210617
0.0207036
0.020377
0.0200821
0.019819
0.0195879
0.0193889
0.019222
0.0190874
0.018985
0.018915
0.0188774
0.0188723
0.0188995
0.0189593
0.0190514
0.019176
0.019333
0.0195223
0.0197439
0.0199977
0.0202837
0.0206017
0.0209517
0.0213335
0.021747
0.022192
0.0226684
0.0231761
0.0237148
0.0242844
0.0248846
0.0255153
0.0261762
0.0268671
0.0275877
0.0283379
0.0291172
0.0299254
0.0307623
0.0316275
0.0325207
0.0334416
0.0343898
0.0353651
0.036367
0.0373951
0.0384492
0.0395287
0.0406334
0.0417627
0.0429164
0.0440939
0.0452948
0.0465187
0.0477651
0.0490335
0.0503235
0.0516347
0.0529664
0.0543183
0.0556898
0.0570803
0.0584895
0.0599167
0.0613614
0.0628231
0.0643013
0.0657953
0.0673046
0.0688286
0.0703669
0.0719187
0.0734836
0.0750608
0.0766499
0.0782503
0.0798612
0.0814822
0.0831126
0.0847518
0.0863991
0.0880541
0.0897159
0.091384
0.0930578
0.0947367
0.0964199
0.0981069
0.099797
0.10149
0.103184
0.10488
0.106576
0.108272
0.109967
0.111661
0.113353
0.115042
0.116728
0.11841
0.120088
0.12176
0.123426
0.125086
0.126739
0.128383
0.13002
0.131647
0.133265
0.134872
0.136469
0.138054
0.139627
0.141187
0.142734
0.144268
0.145786
0.14729
0.148778
0.150249
0.151704
0.153142
0.154561
0.155963
0.157345
0.158707
0.16005
0.161372
0.162673
0.163953
0.16521
0.166445
0.167657
0.168845
0.170009
0.171149
0.172264
0.173354
0.174418
0.175456
0.176467
0.177451
0.178408
0.179338
0.180239
0.181112
0.181956
0.182771
0.183557
0.184313
0.185038
0.185734
0.186399
0.187033
0.187636
0.188208
0.188748
0.189256
0.189733
0.190177
0.190589
0.190968
0.191315
0.191628
0.191909
0.192157
0.192371
0.192552
0.1927
0.192815
0.192896
0.192943
0.192957
0.192937
0.192883
0.192796
0.192676
0.192522
0.192334
0.192113
0.191859
0.191571
0.19125
0.190896
0.19051
0.19009
0.189638
0.189153
0.188636
0.188087
0.187505
0.186892
0.186248
0.185572
0.184865
0.184128
0.18336
0.182562
0.181733
0.180875
0.179988
0.179072
0.178127
0.177154
0.176153
0.175124
0.174069
0.172986
0.171877
0.170742
0.169581
0.168396
0.167185
0.165951
0.164692
0.163411
0.162106
0.160779
0.159431
0.15806
0.15667
0.155258
0.153828
0.152377
0.150908
0.149421
0.147917
0.146395
0.144857
0.143303
0.141734
0.14015
0.138552
0.136941
0.135317
0.13368
0.132032
0.130373
0.128703
0.127024
0.125335
0.123638
0.121934
0.120222
0.118503
0.116778
0.115049
0.113314
0.111576
0.109835
0.108091
0.106345
0.104597
0.102849
0.101101
0.0993541
0.0976082
0.0958644
0.0941233
0.0923856
0.0906519
0.0889229
0.0871992
0.0854816
0.0837706
0.0820669
0.0803712
0.078684
0.0770062
0.0753382
0.0736808
0.0720345
0.0704001
0.0687781
0.0671691
0.0655737
0.0639927
0.0624265
0.0608758
0.0593412
0.0578232
0.0563225
0.0548396
0.0533751
0.0519295
0.0505035
0.0490975
0.0477121
0.0463479
0.0450053
0.0436849
0.0423871
0.0411126
0.0398617
0.038635
0.0374329
0.036256
0.0351046
0.0339792
0.0328802
0.0318081
0.0307633
0.0297461
0.0287571
0.0277965
0.0268647
0.0259622
0.0250892
0.0242461
0.0234333
0.022651
0.0218995
0.0211792
0.0204904
0.0198332
0.019208
0.018615
0.0180545
0.0175266
0.0170317
0.0165698
0.0161411
0.0157459
0.0153843
0.0150565
0.0147625
0.0145026
0.0142767
0.0140851
0.0139278
0.0138048
0.0137162
0.0136622
0.0136426
0.0136575
0.0137069
0.0137909
0.0139093
0.0140622
0.0142495
0.0144712
0.0147271
0.0150172
0.0153414
0.0156996
0.0160916
0.0165173
0.0169765
0.0174692
0.0179951
0.018554
0.0191457
0.01977
0.0204267
0.0211155
0.0218362
0.0225886
0.0233722
0.024187
0.0250324
0.0259084
0.0268144
0.0277502
0.0287155
0.0297098
0.0307328
0.0317842
0.0328635
0.0339703
0.0351042
0.0362649
0.0374518
0.0386645
0.0399026
0.0411655
0.0424529
0.0437643
0.0450991
0.0464568
0.047837
0.0492392
0.0506627
0.0521071
0.0535718
0.0550562
0.0565599
0.0580822
0.0596226
0.0611805
0.0627553
0.0643464
0.0659532
0.0675751
0.0692115
0.0708617
0.0725252
0.0742014
0.0758895
0.077589
0.0792991
0.0810194
0.082749
0.0844874
0.0862339
0.0879878
0.0897485
0.0915152
0.0932875
0.0950644
0.0968455
0.0986299
0.100417
0.102206
0.103997
0.105788
0.10758
0.10937
0.11116
0.112947
0.114732
0.116513
0.11829
0.120062
0.121829
0.12359
0.125344
0.127091
0.12883
0.130559
0.13228
0.13399
0.13569
0.137378
0.139054
0.140718
0.142368
0.144005
0.145627
0.147233
0.148824
0.150399
0.151956
0.153496
0.155018
0.156521
0.158005
0.159468
0.160912
0.162334
0.163735
0.165113
0.166469
0.167802
0.169111
0.170397
0.171657
0.172892
0.174102
0.175285
0.176442
0.177572
0.178675
0.17975
0.180796
0.181814
0.182803
0.183762
0.184692
0.185591
0.18646
0.187298
0.188105
0.18888
0.189624
0.190335
0.191015
0.191661
0.192275
0.192855
0.193402
0.193916
0.194396
0.194842
0.195253
0.195631
0.195974
0.196282
0.196556
0.196795
0.196999
0.197168
0.197302
0.197401
0.197464
0.197493
0.197486
0.197444
0.197367
0.197254
0.197107
0.196924
0.196706
0.196453
0.196166
0.195843
0.195486
0.195095
0.194669
0.194208
0.193714
0.193186
0.192624
0.192028
0.1914
0.190738
0.190044
0.189317
0.188557
0.187766
0.186943
0.186089
0.185203
0.184287
0.18334
0.182364
0.181357
0.180322
0.179257
0.178164
0.177043
0.175895
0.174719
0.173516
0.172287
0.171031
0.169751
0.168446
0.167116
0.165762
0.164385
0.162984
0.161562
0.160118
0.158652
0.157165
0.155659
0.154132
0.152587
0.151023
0.149442
0.147843
0.146227
0.144596
0.142948
0.141287
0.13961
0.137921
0.136218
0.134503
0.132777
0.131039
0.129292
0.127534
0.125768
0.123993
0.122211
0.120422
0.118626
0.116825
0.115019
0.113209
0.111395
0.109578
0.107759
0.105939
0.104118
0.102296
0.100476
0.0986563
0.096839
0.0950243
0.0932129
0.0914056
0.0896031
0.0878059
0.0860149
0.0842307
0.0824539
0.0806853
0.0789255
0.0771752
0.075435
0.0737057
0.0719878
0.070282
0.0685891
0.0669095
0.0652441
0.0635933
0.0619578
0.0603383
0.0587354
0.0571497
0.0555817
0.0540322
0.0525016
0.0509905
0.0494996
0.0480294
0.0465805
0.0451534
0.0437487
0.0423669
0.0410085
0.0396741
0.0383641
0.0370791
0.0358195
0.0345859
0.0333787
0.0321984
0.0310454
0.0299202
0.0288231
0.0277547
0.0267154
0.0257054
0.0247253
0.0237753
0.0228559
0.0219675
0.0211102
0.0202846
0.0194909
0.0187293
0.0180003
0.0173041
0.0166409
0.016011
0.0154146
0.0148521
0.0143235
0.0138292
0.0133693
0.0129439
0.0125533
0.0121976
0.0118769
0.0115914
0.0113411
0.0111262
0.0109468
0.010803
0.0106947
0.0106221
0.0105851
0.0105838
0.0106183
0.0106884
0.0107942
0.0109356
0.0111126
0.0113251
0.0115731
0.0118564
0.0121749
0.0125286
0.0129173
0.0133409
0.0137992
0.014292
0.0148191
0.0153804
0.0159756
0.0166046
0.0172671
0.0179628
0.0186915
0.0194529
0.0202467
0.0210726
0.0219304
0.0228197
0.0237401
0.0246913
0.025673
0.0266848
0.0277263
0.0287971
0.0298968
0.031025
0.0321813
0.0333652
0.0345763
0.0358141
0.0370783
0.0383682
0.0396834
0.0410234
0.0423877
0.0437758
0.0451872
0.0466212
0.0480775
0.0495554
0.0510544
0.0525739
0.0541133
0.0556721
0.0572497
0.0588454
0.0604586
0.0620889
0.0637354
0.0653977
0.0670751
0.0687669
0.0704725
0.0721912
0.0739225
0.0756656
0.07742
0.0791848
0.0809595
0.0827434
0.0845358
0.086336
0.0881434
0.0899573
0.0917769
0.0936016
0.0954307
0.0972635
0.0990993
0.100937
0.102777
0.104618
0.106459
0.108299
0.110138
0.111975
0.11381
0.115642
0.117469
0.119292
0.121109
0.122921
0.124725
0.126523
0.128312
0.130092
0.131863
0.133624
0.135374
0.137112
0.138839
0.140552
0.142252
0.143938
0.14561
0.147266
0.148906
0.150529
0.152135
0.153724
0.155294
0.156844
0.158376
0.159887
0.161377
0.162846
0.164293
0.165717
0.167119
0.168497
0.169851
0.17118
0.172484
0.173763
0.175015
0.176242
0.177441
0.178612
0.179756
0.180871
0.181958
0.183015
0.184043
0.185041
0.186008
0.186945
0.18785
0.188725
0.189567
0.190377
0.191155
0.1919
0.192613
0.193292
0.193937
0.194549
0.195127
0.19567
0.196179
0.196654
0.197093
0.197498
0.197868
0.198202
0.198501
0.198764
0.198992
0.199184
0.199341
0.199461
0.199546
0.199595
0.199607
0.199584
0.199525
0.19943
0.199299
0.199133
0.19893
0.198692
0.198418
0.198109
0.197765
0.197385
0.19697
0.19652
0.196035
0.195516
0.194962
0.194374
0.193752
0.193096
0.192407
0.191685
0.190929
0.190141
0.189321
0.188469
0.187584
0.186669
0.185722
0.184744
0.183737
0.182699
0.181632
0.180535
0.17941
0.178257
0.177075
0.175866
0.174631
0.173368
0.17208
0.170766
0.169427
0.168064
0.166676
0.165265
0.163831
0.162375
0.160897
0.159397
0.157877
0.156336
0.154776
0.153197
0.1516
0.149985
0.148353
0.146704
0.145039
0.143359
0.141664
0.139955
0.138233
0.136498
0.134751
0.132993
0.131224
0.129445
0.127656
0.125859
0.124054
0.122241
0.120422
0.118597
0.116766
0.114931
0.113092
0.11125
0.109406
0.107559
0.105712
0.103864
0.102016
0.10017
0.098325
0.0964826
0.0946433
0.0928078
0.0909768
0.089151
0.0873311
0.0855178
0.0837117
0.0819137
0.0801242
0.078344
0.0765739
0.0748144
0.0730662
0.07133
0.0696065
0.0678962
0.0661999
0.0645182
0.0628517
0.0612011
0.059567
0.05795
0.0563506
0.0547696
0.0532076
0.051665
0.0501426
0.0486408
0.0471602
0.0457015
0.0442651
0.0428516
0.0414616
0.0400955
0.0387539
0.0374373
0.0361462
0.034881
0.0336423
0.0324305
0.0312461
0.0300896
0.0289613
0.0278617
0.0267912
0.0257502
0.0247392
0.0237584
0.0228083
0.0218893
0.0210016
0.0201456
0.0193216
0.01853
0.017771
0.0170449
0.0163521
0.0156927
0.015067
0.0144753
0.0139177
0.0133946
0.012906
0.0124521
0.0120333
0.0116495
0.0113009
0.0109877
0.01071
0.0104679
0.0102614
0.0100908
0.0099559
0.00985691
0.00979384
0.00976669
0.00977548
0.0098202
0.00990084
0.0100174
0.0101697
0.0103579
0.0105817
0.0108412
0.0111362
0.0114666
0.0118323
0.0122331
0.0126689
0.0131396
0.0136449
0.0141846
0.0147586
0.0153666
0.0160084
0.0166837
0.0173923
0.018134
0.0189084
0.0197153
0.0205542
0.021425
0.0223273
0.0232608
0.024225
0.0252196
0.0262443
0.0272986
0.0283822
0.0294947
0.0306355
0.0318044
0.0330008
0.0342242
0.0354743
0.0367506
0.0380525
0.0393796
0.0407313
0.0421072
0.0435067
0.0449293
0.0463745
0.0478417
0.0493303
0.0508399
0.0523697
0.0539193
0.055488
0.0570753
0.0586805
0.060303
0.0619423
0.0635977
0.0652686
0.0669543
0.0686542
0.0703677
0.072094
0.0738327
0.0755829
0.077344
0.0791155
0.0808965
0.0826864
0.0844846
0.0862903
0.0881029
0.0899217
0.091746
0.0935751
0.0954083
0.0972449
0.0990842
0.100926
0.102768
0.104612
0.106455
0.108297
0.110139
0.111977
0.113813
0.115646
0.117474
0.119298
0.121115
0.122927
0.124731
0.126528
0.128316
0.130095
0.131865
0.133624
0.135372
0.137109
0.138833
0.140544
0.142242
0.143925
0.145593
0.147246
0.148882
0.150502
0.152104
0.153688
0.155254
0.1568
