16
16
16
15.9999
15.9999
15.9998
15.9997
15.9996
15.9995
15.9994
15.9992
15.999
15.9989
15.9987
15.9984
15.9982
15.998
15.9977
15.9974
15.9971
15.9968
15.9965
15.9962
15.9958
15.9955
15.9951
15.9947
15.9943
15.9939
15.9935
15.993
15.9926
15.9921
15.9916
15.9911
15.9906
15.9901
15.9895
15.989
15.9884
15.9879
15.9873
15.9867
15.9861
15.9855
15.9849
15.9842
15.9836
15.9829
15.9823
15.9816
15.9809
15.9803
15.9796
15.9789
15.9782
15.9774
15.9767
15.976
15.9753
15.9745
15.9738
15.973
15.9723
15.9715
15.9707
15.97
15.9692
15.9684
15.9676
15.9668
15.966
15.9653
15.9645
15.9637
15.9629
15.9621
15.9613
15.9605
15.9597
15.9589
15.9581
15.9573
15.9565
15.9557
15.9549
15.9541
15.9533
15.9525
15.9518
15.951
15.9502
15.9494
15.9487
15.9479
15.9471
15.9464
15.9457
15.9449
15.9442
15.9434
15.9427
15.942
15.9413
15.9406
15.9399
15.9392
15.9386
15.9379
15.9372
15.9366
15.9359
15.9353
15.9347
15.9341
15.9335
15.9329
15.9323
15.9318
15.9312
15.9307
15.9301
15.9296
15.9291
15.9286
15.9281
15.9276
15.9272
15.9267
15.9263
15.9259
15.9255
15.9251
15.9247
15.9244
15.924
15.9237
15.9234
15.9231
15.9228
15.9225
15.9223
15.922
15.9218
15.9216
15.9214
15.9212
15.921
15.9209
15.9207
15.9206
15.9205
15.9204
15.9204
15.9203
15.9203
15.9202
15.9202
15.9202
15.9203
15.9203
15.9203
15.9204
15.9205
15.9206
15.9207
15.9209
15.921
15.9212
15.9214
15.9216
15.9218
15.922
15.9222
15.9225
15.9228
15.9231
15.9234
15.9237
15.924
15.9243
15.9247
15.9251
15.9255
15.9259
15.9263
15.9267
15.9272
15.9276
15.9281
15.9286
15.929
15.9296
15.9301
15.9306
15.9311
15.9317
15.9323
15.9328
15.9334
15.934
15.9346
15.9352
15.9359
15.9365
15.9371
15.9378
15.9385
15.9391
15.9398
15.9405
15.9412
15.9419
15.9426
15.9433
15.9441
15.9448
15.9455
15.9463
15.947
15.9478
15.9485
15.9493
15.9501
15.9508
15.9516
15.9524
15.9532
15.9539
15.9547
15.9555
15.9563
15.9571
15.9579
15.9587
15.9595
15.9603
15.9611
15.9619
15.9626
15.9634
15.9642
15.965
15.9658
15.9666
15.9674
15.9681
15.9689
15.9697
15.9704
15.9712
15.972
15.9727
15.9735
15.9742
15.9749
15.9757
15.9764
15.9771
15.9778
15.9785
15.9792
15.9799
15.9806
15.9813
15.9819
15.9826
15.9832
15.9839
15.9845
15.9851
15.9857
15.9863
15.9869
15.9875
15.988
15.9886
15.9891
15.9897
15.9902
15.9907
15.9912
15.9916
15.9921
15.9926
15.993
15.9934
15.9939
15.9943
15.9946
15.995
15.9954
15.9957
15.9961
15.9964
15.9967
15.997
15.9972
15.9975
15.9977
15.998
15.9982
15.9984
15.9985
15.9987
15.9989
15.999
15.9991
15.9992
15.9993
15.9994
15.9994
15.9995
15.9995
15.9995
15.9995
15.9995
15.9994
15.9994
15.9993
15.9992
15.9991
15.999
15.9989
15.9987
15.9986
15.9984
15.9982
15.998
15.9978
15.9975
15.9973
15.997
15.9967
15.9964
15.9961
15.9958
15.9954
15.9951
15.9947
15.9943
15.9939
15.9935
15.9931
15.9926
15.9922
15.9917
15.9913
15.9908
15.9903
15.9898
15.9892
15.9887
15.9881
15.9876
15.987
15.9864
15.9858
15.9852
15.9846
15.984
15.9834
15.9827
15.9821
15.9814
15.9808
15.9801
15.9794
15.9787
15.978
15.9773
15.9766
15.9759
15.9752
15.9745
15.9737
15.973
15.9722
15.9715
15.9707
15.97
15.9692
15.9684
15.9677
15.9669
15.9661
15.9654
15.9646
15.9638
15.963
15.9622
15.9615
15.9607
15.9599
15.9591
15.9583
15.9575
15.9568
15.956
15.9552
15.9544
15.9537
15.9529
15.9521
15.9514
15.9506
15.9498
15.9491
15.9483
15.9476
15.9469
15.9461
15.9454
15.9447
15.944
15.9433
15.9426
15.9419
15.9412
15.9405
15.9398
15.9392
15.9385
15.9379
15.9372
15.9366
15.936
15.9354
15.9348
15.9342
15.9336
15.9331
15.9325
15.932
15.9314
15.9309
15.9304
15.9299
15.9294
15.9289
15.9285
15.928
15.9276
15.9272
15.9268
15.9264
15.926
15.9256
15.9253
15.9249
15.9246
15.9243
15.924
15.9237
15.9234
15.9232
15.923
15.9227
15.9225
15.9223
15.9221
15.922
15.9218
15.9217
15.9216
15.9215
15.9214
15.9213
15.9213
15.9212
15.9212
15.9212
15.9212
15.9212
15.9213
15.9213
15.9214
15.9215
15.9216
15.9217
15.9218
15.922
15.9221
15.9223
15.9225
15.9227
15.9229
15.9231
15.9234
15.9237
15.9239
15.9242
15.9245
15.9249
15.9252
15.9255
15.9259
15.9263
15.9267
15.9271
15.9275
15.9279
15.9284
15.9288
15.9293
15.9298
15.9303
15.9308
15.9313
15.9318
15.9323
15.9329
15.9334
15.934
15.9346
15.9352
15.9358
15.9364
15.937
15.9376
15.9383
15.9389
15.9396
15.9402
15.9409
15.9416
15.9423
15.9429
15.9436
15.9443
15.945
15.9458
15.9465
15.9472
15.9479
15.9487
15.9494
15.9502
15.9509
15.9517
15.9524
15.9532
15.9539
15.9547
15.9555
15.9562
15.957
15.9578
15.9585
15.9593
15.9601
15.9608
15.9616
15.9624
15.9631
15.9639
15.9647
15.9654
15.9662
15.9669
15.9677
15.9684
15.9692
15.9699
15.9707
15.9714
15.9721
15.9729
15.9736
15.9743
15.975
15.9757
15.9764
15.9771
15.9778
15.9784
15.9791
15.9798
15.9804
15.981
15.9817
15.9823
15.9829
15.9835
15.9841
15.9847
15.9853
15.9858
15.9864
15.9869
15.9875
15.988
15.9885
15.989
15.9895
15.99
15.9904
15.9909
15.9913
15.9918
15.9922
15.9926
15.993
15.9933
15.9937
15.9941
15.9944
15.9947
15.995
15.9953
15.9956
15.9958
15.9961
15.9963
15.9965
15.9968
15.9969
15.9971
15.9973
15.9974
15.9976
15.9977
15.9978
15.9979
15.9979
15.998
15.998
15.998
15.9981
15.9981
15.998
15.998
15.9979
15.9979
15.9978
15.9977
15.9976
15.9975
15.9973
15.9972
15.997
15.9968
15.9966
15.9964
15.9962
15.9959
15.9957
15.9954
15.9951
15.9948
15.9945
15.9942
15.9938
15.9935
15.9931
15.9927
15.9923
15.9919
15.9915
15.9911
15.9906
15.9902
15.9897
15.9892
15.9887
15.9882
15.9877
15.9872
15.9866
15.9861
15.9855
15.985
15.9844
15.9838
15.9832
15.9826
15.982
15.9814
15.9807
15.9801
15.9795
15.9788
15.9781
15.9775
15.9768
15.9761
15.9754
15.9747
15.974
15.9733
15.9726
15.9719
15.9712
15.9705
15.9697
15.969
15.9683
15.9675
15.9668
15.9661
15.9653
15.9646
15.9638
15.9631
15.9623
15.9616
15.9608
15.9601
15.9593
15.9586
15.9578
15.9571
15.9563
15.9556
15.9549
15.9541
15.9534
15.9527
15.9519
15.9512
15.9505
15.9498
15.949
15.9483
15.9476
15.9469
15.9462
15.9455
15.9449
15.9442
15.9435
15.9428
15.9422
15.9415
15.9409
15.9403
15.9396
15.939
15.9384
15.9378
15.9372
15.9367
15.9361
15.9355
15.935
15.9344
15.9339
15.9334
15.9329
15.9324
15.9319
15.9314
15.931
15.9305
15.9301
15.9296
15.9292
15.9288
15.9284
15.928
15.9277
15.9273
15.927
15.9267
15.9264
15.9261
15.9258
15.9255
15.9253
15.925
15.9248
15.9246
15.9244
15.9242
15.924
15.9239
15.9237
15.9236
15.9235
15.9234
15.9233
15.9232
15.9232
15.9231
15.9231
15.9231
15.9231
15.9231
15.9232
15.9232
15.9233
15.9234
15.9234
15.9236
15.9237
15.9238
15.924
15.9241
15.9243
15.9245
15.9247
15.9249
15.9252
15.9254
15.9257
15.926
15.9263
15.9266
15.9269
15.9272
15.9276
15.9279
15.9283
15.9287
15.9291
15.9295
15.9299
15.9303
15.9308
15.9312
15.9317
15.9321
15.9326
15.9331
15.9336
15.9342
15.9347
15.9352
15.9358
15.9363
15.9369
15.9375
15.9381
15.9387
15.9393
15.9399
15.9405
15.9411
15.9417
15.9424
15.943
15.9437
15.9443
15.945
15.9457
15.9464
15.947
15.9477
15.9484
15.9491
15.9498
15.9505
15.9512
15.9519
15.9526
15.9534
15.9541
15.9548
15.9555
15.9562
15.957
15.9577
15.9584
15.9591
15.9599
15.9606
15.9613
15.962
15.9628
15.9635
15.9642
15.9649
15.9656
15.9664
15.9671
15.9678
15.9685
15.9692
15.9699
15.9706
15.9713
15.9719
15.9726
15.9733
15.974
15.9746
15.9753
15.9759
15.9766
15.9772
15.9778
15.9785
15.9791
15.9797
15.9803
15.9809
15.9814
15.982
15.9826
15.9831
15.9837
15.9842
15.9847
15.9852
15.9857
15.9862
15.9867
15.9872
15.9877
15.9881
15.9885
15.989
15.9894
15.9898
15.9902
15.9906
15.9909
15.9913
15.9916
15.9919
15.9923
15.9926
15.9928
15.9931
15.9934
15.9936
15.9939
15.9941
15.9943
15.9945
15.9947
15.9948
15.995
15.9951
15.9952
15.9954
15.9954
15.9955
15.9956
15.9956
15.9957
15.9957
15.9957
15.9957
15.9957
15.9957
15.9956
15.9956
15.9955
15.9954
15.9953
15.9952
15.995
15.9949
15.9947
15.9946
15.9944
15.9942
15.9939
15.9937
15.9935
15.9932
15.993
15.9927
15.9924
15.9921
15.9918
15.9914
15.9911
15.9907
15.9904
15.99
15.9896
15.9892
15.9888
15.9883
15.9879
15.9874
15.987
15.9865
15.986
15.9855
15.985
15.9845
15.984
15.9835
15.9829
15.9824
15.9818
15.9813
15.9807
15.9801
15.9795
15.9789
15.9783
15.9777
15.9771
15.9765
15.9759
15.9752
15.9746
15.9739
15.9733
15.9726
15.972
15.9713
15.9706
15.97
15.9693
15.9686
15.9679
15.9672
15.9665
15.9658
15.9652
15.9645
15.9638
15.9631
15.9624
15.9617
15.961
15.9603
15.9596
15.9589
15.9582
15.9575
15.9568
15.9561
15.9554
15.9547
15.954
15.9533
15.9527
15.952
15.9513
15.9506
15.95
15.9493
15.9487
15.948
15.9474
15.9467
15.9461
15.9455
15.9448
15.9442
15.9436
15.943
15.9424
15.9418
15.9412
15.9407
15.9401
15.9395
15.939
15.9384
15.9379
15.9374
15.9369
15.9364
15.9359
15.9354
15.9349
15.9345
15.934
15.9336
15.9331
15.9327
15.9323
15.9319
15.9315
15.9312
15.9308
15.9304
15.9301
15.9298
15.9295
15.9292
15.9289
15.9286
15.9283
15.9281
15.9278
15.9276
15.9274
15.9272
15.927
15.9268
15.9267
15.9265
15.9264
15.9263
15.9262
15.9261
15.926
15.926
15.9259
15.9259
15.9258
15.9258
15.9258
15.9259
15.9259
15.9259
15.926
15.9261
15.9262
15.9263
15.9264
15.9265
15.9266
15.9268
15.9269
15.9271
15.9273
15.9275
15.9277
15.928
15.9282
15.9285
15.9287
15.929
15.9293
15.9296
15.9299
15.9303
15.9306
15.931
15.9313
15.9317
15.9321
15.9325
15.9329
15.9333
15.9337
15.9342
15.9346
15.9351
15.9355
15.936
15.9365
15.937
15.9375
15.938
15.9386
15.9391
15.9396
15.9402
15.9407
15.9413
15.9419
15.9424
15.943
15.9436
15.9442
15.9448
15.9454
15.946
15.9466
15.9473
15.9479
15.9485
15.9492
15.9498
15.9504
15.9511
15.9517
15.9524
15.953
15.9537
15.9544
15.955
15.9557
15.9564
15.957
15.9577
15.9584
15.959
15.9597
15.9604
15.961
15.9617
15.9624
15.963
15.9637
15.9644
15.965
15.9657
15.9663
15.967
15.9676
15.9683
15.9689
15.9695
15.9702
15.9708
15.9714
15.972
15.9726
15.9733
15.9739
15.9745
15.975
15.9756
15.9762
15.9768
15.9773
15.9779
15.9784
15.979
15.9795
15.98
15.9806
15.9811
15.9816
15.982
15.9825
15.983
15.9835
15.9839
15.9844
15.9848
15.9852
15.9856
15.986
15.9864
15.9868
15.9872
15.9875
15.9879
15.9882
15.9885
15.9888
15.9891
15.9894
15.9897
15.99
15.9902
15.9905
15.9907
15.9909
15.9911
15.9913
15.9915
15.9916
15.9918
15.9919
15.9921
15.9922
15.9923
15.9924
15.9924
15.9925
15.9925
15.9926
15.9926
15.9926
15.9926
15.9926
15.9926
15.9925
15.9925
15.9924
15.9923
15.9922
15.9921
15.992
15.9919
15.9917
15.9915
15.9914
15.9912
15.991
15.9908
15.9906
15.9903
15.9901
15.9898
15.9896
15.9893
15.989
15.9887
15.9884
15.9881
15.9877
15.9874
15.987
15.9867
15.9863
15.9859
15.9855
15.9851
15.9847
15.9842
15.9838
15.9834
15.9829
15.9824
15.982
15.9815
15.981
15.9805
15.98
15.9795
15.979
15.9784
15.9779
15.9774
15.9768
15.9763
15.9757
15.9751
15.9746
15.974
15.9734
15.9728
15.9722
15.9716
15.971
15.9704
15.9698
15.9692
15.9686
15.968
15.9674
15.9667
15.9661
15.9655
15.9649
15.9642
15.9636
15.963
15.9623
15.9617
15.9611
15.9604
15.9598
15.9592
15.9585
15.9579
15.9573
15.9566
15.956
15.9554
15.9548
15.9542
15.9535
15.9529
15.9523
15.9517
15.9511
15.9505
15.9499
15.9493
15.9487
15.9482
15.9476
15.947
15.9464
15.9459
15.9453
15.9448
15.9442
15.9437
15.9432
15.9427
15.9422
15.9417
15.9412
15.9407
15.9402
15.9397
15.9393
15.9388
15.9384
15.9379
15.9375
15.9371
15.9367
15.9363
15.9359
15.9355
15.9351
15.9348
15.9344
15.9341
15.9338
15.9334
15.9331
15.9328
15.9326
15.9323
15.932
15.9318
15.9315
15.9313
15.9311
15.9309
15.9307
15.9305
15.9304
15.9302
15.9301
15.9299
15.9298
15.9297
15.9296
15.9295
15.9294
15.9294
15.9293
15.9293
15.9293
15.9293
15.9293
15.9293
15.9293
15.9294
15.9294
15.9295
15.9296
15.9296
15.9297
15.9299
15.93
15.9301
15.9303
15.9304
15.9306
15.9308
15.931
15.9312
15.9314
15.9316
15.9319
15.9321
15.9324
15.9327
15.9329
15.9332
15.9335
15.9339
15.9342
15.9345
15.9349
15.9352
15.9356
15.936
15.9363
15.9367
15.9371
15.9376
15.938
15.9384
15.9388
15.9393
15.9397
15.9402
15.9407
15.9411
15.9416
15.9421
15.9426
15.9431
15.9436
15.9441
15.9447
15.9452
15.9457
15.9463
15.9468
15.9473
15.9479
15.9485
15.949
15.9496
15.9501
15.9507
15.9513
15.9519
15.9525
15.953
15.9536
15.9542
15.9548
15.9554
15.956
15.9566
15.9572
15.9578
15.9584
15.959
15.9596
15.9602
15.9607
15.9613
15.9619
15.9625
15.9631
15.9637
15.9643
15.9649
15.9655
15.966
15.9666
15.9672
15.9678
15.9683
15.9689
15.9695
15.97
15.9706
15.9711
15.9716
15.9722
15.9727
15.9732
15.9738
15.9743
15.9748
15.9753
15.9758
15.9763
15.9767
15.9772
15.9777
15.9781
15.9786
15.979
15.9795
15.9799
15.9803
15.9807
15.9811
15.9815
15.9819
15.9823
15.9826
15.983
15.9834
15.9837
15.984
15.9843
15.9846
15.9849
15.9852
15.9855
15.9858
15.986
15.9863
15.9865
15.9867
15.9869
15.9871
15.9873
15.9875
15.9877
15.9878
15.988
15.9881
15.9883
15.9884
15.9885
15.9886
15.9886
15.9887
15.9888
15.9888
15.9888
15.9889
15.9889
15.9889
15.9888
15.9888
15.9888
15.9887
15.9887
15.9886
15.9885
15.9884
15.9883
15.9882
15.9881
15.9879
15.9878
15.9876
15.9874
15.9873
15.9871
15.9869
15.9867
15.9864
15.9862
15.9859
15.9857
15.9854
15.9851
15.9849
15.9846
15.9843
15.9839
15.9836
15.9833
15.9829
15.9826
15.9822
15.9819
15.9815
15.9811
15.9807
15.9803
15.9799
15.9795
15.9791
15.9786
15.9782
15.9778
15.9773
15.9768
15.9764
15.9759
15.9754
15.975
15.9745
15.974
15.9735
15.973
15.9725
15.972
15.9714
15.9709
15.9704
15.9699
15.9693
15.9688
15.9683
15.9677
15.9672
15.9666
15.9661
15.9655
15.965
15.9644
15.9639
15.9633
15.9628
15.9622
15.9617
15.9611
15.9606
15.96
15.9594
15.9589
15.9583
15.9578
15.9572
15.9567
15.9561
15.9556
15.955
15.9545
15.954
15.9534
15.9529
15.9524
15.9518
15.9513
15.9508
15.9503
15.9498
15.9493
15.9488
15.9483
15.9478
15.9473
15.9468
15.9464
15.9459
15.9454
15.945
15.9445
15.9441
15.9437
15.9432
15.9428
15.9424
15.942
15.9416
15.9412
15.9408
15.9405
15.9401
15.9397
15.9394
15.939
15.9387
15.9384
15.9381
15.9378
15.9375
15.9372
15.9369
15.9366
15.9364
15.9361
15.9359
15.9357
15.9355
15.9352
15.935
15.9349
15.9347
15.9345
15.9344
15.9342
15.9341
15.9339
15.9338
15.9337
15.9336
15.9336
15.9335
15.9334
15.9334
15.9333
15.9333
15.9333
15.9333
15.9333
15.9333
15.9333
15.9333
15.9334
15.9334
15.9335
15.9336
15.9337
15.9338
15.9339
15.934
15.9341
15.9343
15.9344
15.9346
15.9347
15.9349
15.9351
15.9353
15.9355
15.9357
15.936
15.9362
15.9364
15.9367
15.937
15.9372
15.9375
15.9378
15.9381
15.9384
15.9387
15.9391
15.9394
15.9397
15.9401
15.9404
15.9408
15.9412
15.9416
15.9419
15.9423
15.9427
15.9431
15.9435
15.944
15.9444
15.9448
15.9452
15.9457
15.9461
15.9466
15.947
15.9475
15.948
15.9484
15.9489
15.9494
15.9499
15.9503
15.9508
15.9513
15.9518
15.9523
15.9528
15.9533
15.9538
15.9543
15.9548
15.9553
15.9559
15.9564
15.9569
15.9574
15.9579
15.9584
15.9589
15.9595
15.96
15.9605
15.961
15.9615
15.962
15.9625
15.963
15.9635
15.964
15.9645
15.965
15.9655
15.966
15.9665
15.967
15.9675
15.968
15.9685
15.9689
15.9694
15.9699
15.9703
15.9708
15.9712
15.9717
15.9721
15.9726
15.973
15.9734
15.9738
15.9742
15.9747
15.9751
15.9755
15.9758
15.9762
15.9766
15.977
15.9773
15.9777
15.978
15.9784
15.9787
15.979
15.9793
15.9796
15.9799
15.9802
15.9805
15.9808
15.981
15.9813
15.9815
15.9818
15.982
15.9822
15.9824
15.9826
15.9828
15.983
15.9832
15.9833
15.9835
15.9836
15.9838
15.9839
15.984
15.9841
15.9842
15.9843
15.9844
15.9845
15.9845
15.9846
15.9846
15.9846
15.9846
15.9847
15.9847
15.9846
15.9846
15.9846
15.9845
15.9845
15.9844
15.9844
15.9843
15.9842
15.9841
15.984
15.9839
15.9837
15.9836
15.9835
15.9833
15.9831
15.983
15.9828
15.9826
15.9824
15.9822
15.982
15.9817
15.9815
15.9813
15.981
15.9807
15.9805
15.9802
15.9799
15.9796
15.9793
15.979
15.9787
15.9784
15.9781
15.9777
15.9774
15.977
15.9767
15.9763
15.976
15.9756
15.9752
15.9748
15.9744
15.9741
15.9737
15.9732
15.9728
15.9724
15.972
15.9716
15.9712
15.9707
15.9703
15.9699
15.9694
15.969
15.9685
15.9681
15.9676
15.9672
15.9667
15.9663
15.9658
15.9653
15.9649
15.9644
15.9639
15.9635
15.963
15.9625
15.962
15.9616
15.9611
15.9606
15.9602
15.9597
15.9592
15.9588
15.9583
15.9578
15.9574
15.9569
15.9564
15.956
15.9555
15.9551
15.9546
15.9542
15.9537
15.9533
15.9528
15.9524
15.952
15.9515
15.9511
15.9507
15.9503
15.9499
15.9495
15.9491
15.9487
15.9483
15.9479
15.9475
15.9471
15.9467
15.9464
15.946
15.9457
15.9453
15.945
15.9446
15.9443
15.944
15.9437
15.9434
15.9431
15.9428
15.9425
15.9422
15.9419
15.9417
15.9414
15.9412
15.9409
15.9407
15.9405
15.9403
15.94
15.9398
15.9397
15.9395
15.9393
15.9391
15.939
15.9388
15.9387
15.9386
15.9384
15.9383
15.9382
15.9381
15.938
15.9379
15.9379
15.9378
15.9378
15.9377
15.9377
15.9377
15.9376
15.9376
15.9376
15.9376
15.9377
15.9377
15.9377
15.9378
15.9378
15.9379
15.938
15.9381
15.9381
15.9382
15.9383
15.9385
15.9386
15.9387
15.9389
15.939
15.9392
15.9393
15.9395
15.9397
15.9399
15.9401
15.9403
15.9405
15.9407
15.9409
15.9412
15.9414
15.9417
15.9419
15.9422
15.9425
15.9427
15.943
15.9433
15.9436
15.9439
15.9442
15.9445
15.9449
15.9452
15.9455
15.9458
15.9462
15.9465
15.9469
15.9472
15.9476
15.948
15.9483
15.9487
15.9491
15.9495
15.9499
15.9502
15.9506
15.951
15.9514
15.9518
15.9522
15.9527
15.9531
15.9535
15.9539
15.9543
15.9547
15.9551
15.9556
15.956
15.9564
15.9568
15.9573
15.9577
15.9581
15.9585
15.959
15.9594
15.9598
15.9602
15.9607
15.9611
15.9615
15.9619
15.9623
15.9628
15.9632
15.9636
15.964
15.9644
15.9648
15.9652
15.9656
15.966
15.9664
15.9668
15.9672
15.9676
15.968
15.9684
15.9687
15.9691
15.9695
15.9699
15.9702
15.9706
15.9709
15.9713
15.9716
15.9719
15.9723
15.9726
15.9729
15.9732
15.9735
15.9738
15.9741
15.9744
15.9747
15.975
15.9753
15.9755
15.9758
15.976
15.9763
15.9765
15.9767
15.977
15.9772
15.9774
15.9776
15.9778
15.978
15.9782
15.9783
15.9785
15.9787
15.9788
15.979
15.9791
15.9792
15.9793
15.9794
15.9795
15.9796
15.9797
15.9798
15.9799
15.9799
15.98
15.98
15.9801
15.9801
15.9801
15.9802
15.9802
15.9802
15.9802
15.9801
15.9801
15.9801
15.98
15.98
15.9799
15.9799
15.9798
15.9797
15.9796
15.9795
15.9794
15.9793
15.9792
15.9791
15.9789
15.9788
15.9786
15.9785
15.9783
15.9781
15.978
15.9778
15.9776
15.9774
15.9772
15.977
15.9768
15.9765
15.9763
15.9761
15.9758
15.9756
15.9753
15.9751
15.9748
15.9745
15.9743
15.974
15.9737
15.9734
15.9731
15.9728
15.9725
15.9722
15.9719
15.9715
15.9712
15.9709
15.9706
15.9702
15.9699
15.9695
15.9692
15.9689
15.9685
15.9681
15.9678
15.9674
15.9671
15.9667
15.9663
15.966
15.9656
15.9652
15.9649
15.9645
15.9641
15.9637
15.9634
15.963
15.9626
15.9622
15.9618
15.9615
15.9611
15.9607
15.9603
15.9599
15.9596
15.9592
15.9588
15.9584
15.9581
15.9577
15.9573
15.9569
15.9566
15.9562
15.9558
15.9555
15.9551
15.9548
15.9544
15.9541
15.9537
15.9534
15.953
15.9527
15.9523
15.952
15.9517
15.9514
15.951
15.9507
15.9504
15.9501
15.9498
15.9495
15.9492
15.9489
15.9486
15.9484
15.9481
15.9478
15.9475
15.9473
15.947
15.9468
15.9466
15.9463
15.9461
15.9459
15.9456
15.9454
15.9452
15.945
15.9448
15.9446
15.9445
15.9443
15.9441
15.944
15.9438
15.9437
15.9435
15.9434
15.9433
15.9431
15.943
15.9429
15.9428
15.9427
15.9427
15.9426
15.9425
15.9424
15.9424
15.9423
15.9423
15.9423
15.9422
15.9422
15.9422
15.9422
15.9422
15.9422
15.9422
15.9422
15.9423
15.9423
15.9424
15.9424
15.9425
15.9425
15.9426
15.9427
15.9428
15.9429
15.9429
15.9431
15.9432
15.9433
15.9434
15.9435
15.9437
15.9438
15.944
15.9441
15.9443
15.9445
15.9446
15.9448
15.945
15.9452
15.9454
15.9456
15.9458
15.946
15.9462
15.9465
15.9467
15.9469
15.9472
15.9474
15.9477
15.9479
15.9482
15.9484
15.9487
15.949
15.9492
15.9495
15.9498
15.9501
15.9504
15.9507
15.951
15.9512
15.9515
15.9519
15.9522
15.9525
15.9528
15.9531
15.9534
15.9537
15.9541
15.9544
15.9547
15.955
15.9554
15.9557
15.956
15.9563
15.9567
15.957
15.9573
15.9577
15.958
15.9583
15.9587
15.959
15.9593
15.9597
15.96
15.9603
15.9607
15.961
15.9613
15.9617
15.962
15.9623
15.9626
15.963
15.9633
15.9636
15.9639
15.9642
15.9646
15.9649
15.9652
15.9655
15.9658
15.9661
15.9664
15.9667
15.967
15.9672
15.9675
15.9678
15.9681
15.9684
15.9686
15.9689
15.9692
15.9694
15.9697
15.9699
15.9702
15.9704
15.9706
15.9709
15.9711
15.9713
15.9715
15.9717
15.972
15.9722
15.9724
15.9725
15.9727
15.9729
15.9731
15.9733
15.9734
15.9736
15.9737
15.9739
15.974
15.9741
15.9743
15.9744
15.9745
15.9746
15.9747
15.9748
15.9749
15.975
15.9751
15.9752
15.9752
15.9753
15.9753
15.9754
15.9754
15.9755
15.9755
15.9755
15.9755
15.9756
15.9756
15.9756
15.9756
15.9755
15.9755
15.9755
15.9755
15.9754
15.9754
15.9753
15.9753
15.9752
15.9751
15.9751
15.975
15.9749
15.9748
15.9747
15.9746
15.9745
15.9744
15.9743
15.9742
15.974
15.9739
15.9737
15.9736
15.9734
15.9733
15.9731
15.973
15.9728
15.9726
15.9724
15.9722
15.9721
15.9719
15.9717
15.9715
15.9713
15.971
15.9708
15.9706
15.9704
15.9702
15.9699
15.9697
15.9695
15.9692
15.969
15.9687
15.9685
15.9682
15.968
15.9677
15.9675
15.9672
15.9669
15.9667
15.9664
15.9661
15.9658
15.9656
15.9653
15.965
15.9647
15.9644
15.9642
15.9639
15.9636
15.9633
15.963
15.9627
15.9625
15.9622
15.9619
15.9616
15.9613
15.961
15.9607
15.9604
15.9601
15.9599
15.9596
15.9593
15.959
15.9587
15.9584
15.9582
15.9579
15.9576
15.9573
15.957
15.9568
15.9565
15.9562
15.956
15.9557
15.9554
15.9552
15.9549
15.9547
15.9544
15.9542
15.9539
15.9537
15.9534
15.9532
15.953
15.9527
15.9525
15.9523
15.952
15.9518
15.9516
15.9514
15.9512
15.951
15.9508
15.9506
15.9504
15.9502
15.95
15.9499
15.9497
15.9495
15.9494
15.9492
15.9491
15.9489
15.9488
15.9486
15.9485
15.9484
15.9482
15.9481
15.948
15.9479
15.9478
15.9477
15.9476
15.9475
15.9474
15.9473
15.9473
15.9472
15.9471
15.9471
15.947
15.947
15.9469
15.9469
15.9469
15.9468
15.9468
15.9468
15.9468
15.9468
15.9468
15.9468
15.9468
15.9468
15.9468
15.9469
15.9469
15.9469
15.947
15.947
15.9471
15.9471
15.9472
15.9473
15.9473
15.9474
15.9475
15.9476
15.9477
15.9478
15.9479
15.948
15.9481
15.9482
15.9483
15.9484
15.9486
15.9487
15.9488
15.949
15.9491
15.9493
15.9494
15.9496
15.9497
15.9499
15.9501
15.9503
15.9504
15.9506
15.9508
15.951
15.9512
15.9514
15.9515
15.9517
15.9519
15.9521
15.9524
15.9526
15.9528
15.953
15.9532
15.9534
15.9536
15.9539
15.9541
15.9543
15.9545
15.9548
15.955
15.9552
15.9555
15.9557
15.9559
15.9562
15.9564
15.9567
15.9569
15.9571
15.9574
15.9576
15.9579
15.9581
15.9583
15.9586
15.9588
15.9591
15.9593
15.9596
15.9598
15.96
15.9603
15.9605
15.9608
15.961
15.9612
15.9615
15.9617
15.9619
15.9622
15.9624
15.9626
15.9629
15.9631
15.9633
15.9635
15.9638
15.964
15.9642
15.9644
15.9646
15.9648
15.965
15.9652
15.9655
15.9657
15.9658
15.966
15.9662
15.9664
15.9666
15.9668
15.967
15.9671
15.9673
15.9675
15.9677
15.9678
15.968
15.9681
15.9683
15.9684
15.9686
15.9687
15.9689
15.969
15.9691
15.9692
15.9694
15.9695
15.9696
15.9697
15.9698
15.9699
15.97
15.9701
15.9702
15.9703
15.9703
15.9704
15.9705
15.9706
15.9706
15.9707
15.9707
15.9708
15.9708
15.9709
15.9709
15.9709
15.971
15.971
15.971
15.971
15.971
15.971
15.971
15.971
15.971
15.971
15.971
15.971
15.9709
15.9709
15.9709
15.9708
15.9708
15.9707
15.9707
15.9706
15.9706
15.9705
15.9704
15.9704
15.9703
15.9702
15.9701
15.97
15.9699
15.9699
15.9698
15.9697
15.9695
15.9694
15.9693
15.9692
15.9691
15.969
15.9688
15.9687
15.9686
15.9684
15.9683
15.9682
15.968
15.9679
15.9677
15.9676
15.9674
15.9673
15.9671
15.9669
15.9668
15.9666
15.9664
15.9663
15.9661
15.9659
15.9657
15.9656
15.9654
15.9652
15.965
15.9648
15.9646
15.9645
15.9643
15.9641
15.9639
15.9637
15.9635
15.9633
15.9631
15.9629
15.9627
15.9625
15.9623
15.9621
15.9619
15.9617
15.9615
15.9613
15.9611
15.9609
15.9607
15.9605
15.9603
15.9601
15.96
15.9598
15.9596
15.9594
15.9592
15.959
15.9588
15.9586
15.9584
15.9582
15.958
15.9578
15.9577
15.9575
15.9573
15.9571
15.9569
15.9568
15.9566
15.9564
15.9562
15.9561
15.9559
15.9557
15.9556
15.9554
15.9553
15.9551
15.955
15.9548
15.9547
15.9545
15.9544
15.9542
15.9541
15.954
15.9538
15.9537
15.9536
15.9535
15.9533
15.9532
15.9531
15.953
15.9529
15.9528
15.9527
15.9526
15.9525
15.9524
15.9523
15.9522
15.9521
15.9521
15.952
15.9519
15.9519
15.9518
15.9517
15.9517
15.9516
15.9516
15.9515
15.9515
15.9514
15.9514
15.9514
15.9513
15.9513
15.9513
15.9513
15.9513
15.9512
15.9512
15.9512
15.9512
15.9512
15.9512
15.9513
15.9513
15.9513
15.9513
15.9513
15.9514
15.9514
15.9514
15.9515
15.9515
15.9515
15.9516
15.9516
15.9517
15.9517
15.9518
15.9519
15.9519
15.952
15.9521
15.9522
15.9522
15.9523
15.9524
15.9525
15.9526
15.9527
15.9528
15.9529
15.953
15.9531
15.9532
15.9533
15.9534
15.9535
15.9536
15.9537
15.9538
15.954
15.9541
15.9542
15.9543
15.9544
15.9546
15.9547
15.9548
15.955
15.9551
15.9553
15.9554
15.9555
15.9557
15.9558
15.956
15.9561
15.9563
15.9564
15.9565
15.9567
15.9568
15.957
15.9571
15.9573
15.9575
15.9576
15.9578
15.9579
15.9581
15.9582
15.9584
15.9585
15.9587
15.9588
15.959
15.9591
15.9593
15.9595
15.9596
15.9598
15.9599
15.9601
15.9602
15.9604
15.9605
15.9607
15.9608
15.961
15.9611
15.9613
15.9614
15.9616
15.9617
15.9618
15.962
15.9621
15.9623
15.9624
15.9625
15.9627
15.9628
15.9629
15.9631
15.9632
15.9633
15.9634
15.9636
15.9637
15.9638
15.9639
15.964
15.9641
15.9642
15.9644
15.9645
15.9646
15.9647
15.9648
15.9649
15.965
15.9651
15.9651
15.9652
15.9653
15.9654
15.9655
15.9656
15.9656
15.9657
15.9658
15.9658
15.9659
15.966
15.966
15.9661
15.9661
15.9662
15.9662
15.9663
15.9663
15.9664
15.9664
15.9665
15.9665
15.9665
15.9665
15.9666
15.9666
15.9666
15.9666
15.9666
15.9667
15.9667
15.9667
15.9667
15.9667
15.9667
15.9667
15.9667
15.9667
15.9666
15.9666
15.9666
15.9666
15.9666
15.9665
15.9665
15.9665
15.9665
15.9664
15.9664
15.9663
15.9663
15.9663
15.9662
15.9662
15.9661
15.9661
15.966
15.9659
15.9659
15.9658
15.9658
15.9657
15.9656
15.9656
15.9655
15.9654
15.9653
15.9653
15.9652
15.9651
15.965
15.9649
15.9649
15.9648
15.9647
15.9646
15.9645
15.9644
15.9643
15.9642
15.9641
15.964
15.9639
15.9638
15.9637
15.9636
15.9635
15.9634
15.9633
15.9632
15.9631
15.963
15.9629
15.9628
15.9627
15.9625
15.9624
15.9623
15.9622
15.9621
15.962
15.9619
15.9618
15.9617
15.9615
15.9614
15.9613
15.9612
15.9611
15.961
15.9609
15.9608
15.9606
15.9605
15.9604
15.9603
15.9602
15.9601
15.96
15.9599
15.9598
15.9597
15.9595
15.9594
15.9593
15.9592
15.9591
15.959
15.9589
15.9588
15.9587
15.9586
15.9585
15.9584
15.9583
15.9582
15.9581
15.958
15.9579
15.9579
15.9578
15.9577
15.9576
15.9575
15.9574
15.9573
15.9573
15.9572
15.9571
15.957
15.957
15.9569
15.9568
15.9567
15.9567
15.9566
15.9565
15.9565
15.9564
15.9564
15.9563
15.9562
15.9562
15.9561
15.9561
15.956
15.956
15.956
15.9559
15.9559
15.9558
15.9558
15.9558
15.9557
15.9557
15.9557
15.9556
15.9556
15.9556
15.9556
15.9555
15.9555
15.9555
15.9555
15.9555
15.9555
15.9555
15.9554
15.9554
15.9554
15.9554
15.9554
15.9554
15.9554
15.9554
15.9555
15.9555
15.9555
15.9555
15.9555
15.9555
15.9555
15.9556
15.9556
15.9556
15.9556
15.9556
15.9557
15.9557
15.9557
15.9558
15.9558
15.9558
15.9559
15.9559
15.9559
15.956
15.956
15.9561
15.9561
15.9562
15.9562
15.9563
15.9563
15.9564
15.9564
15.9565
15.9565
15.9566
15.9566
15.9567
15.9567
15.9568
15.9569
15.9569
15.957
15.957
15.9571
15.9572
15.9572
15.9573
15.9574
15.9574
15.9575
15.9576
15.9576
15.9577
15.9578
15.9578
15.9579
15.958
15.9581
15.9581
15.9582
15.9583
15.9583
15.9584
15.9585
15.9586
15.9586
15.9587
15.9588
15.9589
15.9589
15.959
15.9591
15.9591
15.9592
15.9593
15.9594
15.9594
15.9595
15.9596
15.9596
15.9597
15.9598
15.9598
15.9599
15.96
15.9601
15.9601
15.9602
15.9603
15.9603
15.9604
15.9605
15.9605
15.9606
15.9606
15.9607
15.9608
15.9608
15.9609
15.9609
15.961
15.9611
15.9611
15.9612
15.9612
15.9613
15.9613
15.9614
15.9614
15.9615
15.9615
15.9616
15.9616
15.9617
15.9617
15.9618
15.9618
15.9618
15.9619
15.9619
15.962
15.962
15.962
15.9621
15.9621
15.9621
15.9622
15.9622
15.9622
15.9623
15.9623
15.9623
15.9624
15.9624
15.9624
15.9624
15.9624
15.9625
15.9625
15.9625
15.9625
15.9625
15.9625
15.9626
15.9626
15.9626
15.9626
15.9626
15.9626
15.9626
15.9626
15.9626
15.9626
15.9626
15.9626
15.9626
15.9626
15.9626
15.9626
15.9626
15.9626
15.9626
15.9626
15.9626
15.9626
15.9626
15.9626
15.9626
15.9626
15.9625
15.9625
15.9625
15.9625
15.9625
15.9625
15.9625
15.9624
15.9624
15.9624
15.9624
15.9624
15.9623
15.9623
15.9623
15.9623
15.9622
15.9622
15.9622
15.9622
15.9621
15.9621
15.9621
15.9621
15.962
15.962
15.962
15.9619
15.9619
15.9619
15.9618
15.9618
15.9618
15.9618
15.9617
15.9617
15.9617
15.9616
15.9616
15.9616
15.9615
15.9615
15.9615
15.9614
15.9614
15.9614
15.9613
15.9613
15.9613
15.9612
15.9612
15.9612
15.9611
15.9611
15.9611
15.961
15.961
15.9609
15.9609
15.9609
15.9608
15.9608
15.9608
15.9607
15.9607
15.9607
15.9607
15.9606
15.9606
15.9606
15.9605
15.9605
15.9605
15.9604
15.9604
15.9604
15.9603
15.9603
15.9603
15.9603
15.9602
15.9602
15.9602
15.9601
15.9601
15.9601
15.9601
15.96
15.96
15.96
15.96
15.9599
15.9599
15.9599
15.9599
15.9599
15.9598
15.9598
15.9598
15.9598
15.9598
15.9597
15.9597
15.9597
15.9597
15.9597
15.9596
15.9596
15.9596
15.9596
15.9596
15.9596
15.9595
15.9595
15.9595
15.9595
15.9595
15.9595
15.9595
15.9595
15.9594
15.9594
15.9594
15.9594
15.9594
15.9594
15.9594
15.9594
15.9594
15.9594
15.9594
15.9594
15.9593
15.9593
15.9593
15.9593
15.9593
15.9593
15.9593
15.9593
15.9593
15.9593
15.9593
15.9593
15.9593
15.9593
15.9593
15.9593
15.9593
15.9593
15.9593
15.9593
15.9593
15.9593
15.9593
15.9593
15.9593
15.9593
15.9593
15.9593
15.9593
15.9593
15.9593
15.9593
15.9593
15.9593
15.9593
15.9593
15.9593
15.9593
15.9593
15.9593
15.9593
15.9593
15.9593
15.9593
15.9593
15.9593
15.9593
15.9593
15.9593
15.9593
15.9593
15.9593
15.9593
15.9593
15.9593
15.9593
15.9593
15.9593
15.9593
15.9593
15.9593
15.9593
15.9593
15.9593
15.9593
15.9593
15.9593
15.9593
15.9593
15.9593
15.9593
15.9593
15.9593
15.9593
15.9593
15.9593
15.9593
15.9593
15.9593
15.9593
15.9593
15.9593
15.9593
15.9593
15.9593
15.9593
15.9592
15.9592
15.9592
15.9592
15.9592
15.9592
15.9592
15.9592
15.9592
15.9592
15.9592
15.9592
15.9592
15.9592
15.9592
15.9592
15.9592
15.9592
15.9592
15.9592
15.9591
15.9591
15.9591
15.9591
15.9591
15.9591
15.9591
15.9591
15.9591
15.9591
15.9591
15.9591
15.9591
15.9591
15.9591
15.9591
15.959
15.959
15.959
15.959
15.959
15.959
15.959
15.959
15.959
15.959
15.959
15.959
15.959
15.959
15.959
15.959
15.959
15.959
15.959
15.959
15.959
15.9589
15.9589
15.9589
15.9589
15.9589
15.9589
15.9589
15.9589
15.9589
15.9589
15.9589
15.9589
15.9589
15.9589
15.9589
15.9589
15.9589
15.9589
15.9589
15.9589
15.959
15.959
15.959
15.959
15.959
15.959
15.959
15.959
15.959
15.959
15.959
15.959
15.959
15.959
15.959
15.9591
15.9591
15.9591
15.9591
15.9591
15.9591
15.9591
15.9591
15.9592
15.9592
15.9592
15.9592
15.9592
15.9592
15.9593
15.9593
15.9593
15.9593
15.9593
15.9594
15.9594
15.9594
15.9594
15.9594
15.9595
15.9595
15.9595
15.9595
15.9596
15.9596
15.9596
15.9596
15.9597
15.9597
15.9597
15.9598
15.9598
15.9598
15.9598
15.9599
15.9599
15.9599
15.96
15.96
15.96
15.9601
15.9601
15.9601
15.9602
15.9602
15.9602
15.9603
15.9603
15.9604
15.9604
15.9604
15.9605
15.9605
15.9605
15.9606
15.9606
15.9606
15.9607
15.9607
15.9608
15.9608
15.9608
15.9609
15.9609
15.961
15.961
15.961
15.9611
15.9611
15.9611
15.9612
15.9612
15.9613
15.9613
15.9613
15.9614
15.9614
15.9615
15.9615
15.9615
15.9616
15.9616
15.9616
15.9617
15.9617
15.9618
15.9618
15.9618
15.9619
15.9619
15.9619
15.962
15.962
15.962
15.9621
15.9621
15.9621
15.9622
15.9622
15.9622
15.9623
15.9623
15.9623
15.9623
15.9624
15.9624
15.9624
15.9624
15.9625
15.9625
15.9625
15.9625
15.9626
15.9626
15.9626
15.9626
15.9626
15.9626
15.9627
15.9627
15.9627
15.9627
15.9627
15.9627
15.9627
15.9628
15.9628
15.9628
15.9628
15.9628
15.9628
15.9628
15.9628
15.9628
15.9628
15.9628
15.9628
15.9628
15.9628
15.9628
15.9628
15.9628
15.9628
15.9627
15.9627
15.9627
15.9627
15.9627
15.9627
15.9627
15.9626
15.9626
15.9626
15.9626
15.9626
15.9625
15.9625
15.9625
15.9625
15.9624
15.9624
15.9624
15.9623
15.9623
15.9623
15.9622
15.9622
15.9622
15.9621
15.9621
15.9621
15.962
15.962
15.9619
15.9619
15.9618
15.9618
15.9617
15.9617
15.9616
15.9616
15.9615
15.9615
15.9614
15.9614
15.9613
15.9613
15.9612
15.9612
15.9611
15.961
15.961
15.9609
15.9609
15.9608
15.9607
15.9607
15.9606
15.9605
15.9605
15.9604
15.9604
15.9603
15.9602
15.9601
15.9601
15.96
15.9599
15.9599
15.9598
15.9597
15.9597
15.9596
15.9595
15.9595
15.9594
15.9593
15.9592
15.9592
15.9591
15.959
15.959
15.9589
15.9588
15.9587
15.9587
15.9586
15.9585
15.9585
15.9584
15.9583
15.9582
15.9582
15.9581
15.958
15.958
15.9579
15.9578
15.9578
15.9577
15.9576
15.9576
15.9575
15.9574
15.9574
15.9573
15.9573
15.9572
15.9571
15.9571
15.957
15.957
15.9569
15.9568
15.9568
15.9567
15.9567
15.9566
15.9566
15.9565
15.9565
15.9564
15.9564
15.9563
15.9563
15.9563
15.9562
15.9562
15.9561
15.9561
15.9561
15.956
15.956
15.956
15.9559
15.9559
15.9559
15.9559
15.9558
15.9558
15.9558
15.9558
15.9558
15.9557
15.9557
15.9557
15.9557
15.9557
15.9557
15.9557
15.9557
15.9557
15.9557
15.9557
15.9557
15.9557
15.9557
15.9557
15.9557
15.9557
15.9557
15.9557
15.9558
15.9558
15.9558
15.9558
15.9558
15.9559
15.9559
15.9559
15.956
15.956
15.956
15.9561
15.9561
15.9561
15.9562
15.9562
15.9563
15.9563
15.9564
15.9564
15.9565
15.9565
15.9566
15.9566
15.9567
15.9567
15.9568
15.9569
15.9569
15.957
15.9571
15.9571
15.9572
15.9573
15.9573
15.9574
15.9575
15.9576
15.9576
15.9577
15.9578
15.9579
15.958
15.9581
15.9581
15.9582
15.9583
15.9584
15.9585
15.9586
15.9587
15.9588
15.9589
15.9589
15.959
15.9591
15.9592
15.9593
15.9594
15.9595
15.9596
15.9597
15.9598
15.9599
15.96
15.9601
15.9602
15.9603
15.9604
15.9605
15.9606
15.9607
15.9608
15.9609
15.961
15.9611
15.9612
15.9613
15.9614
15.9615
15.9616
15.9617
15.9619
15.962
15.9621
15.9622
15.9622
15.9623
15.9624
15.9625
15.9626
15.9627
15.9628
15.9629
15.963
15.9631
15.9632
15.9633
15.9634
15.9635
15.9636
15.9636
15.9637
15.9638
15.9639
15.964
15.9641
15.9641
15.9642
15.9643
15.9644
15.9644
15.9645
15.9646
15.9647
15.9647
15.9648
15.9649
15.9649
15.965
15.965
15.9651
15.9652
15.9652
15.9653
15.9653
15.9654
15.9654
15.9654
15.9655
15.9655
15.9656
15.9656
15.9656
15.9657
15.9657
15.9657
15.9657
15.9658
15.9658
15.9658
15.9658
15.9658
15.9658
15.9659
15.9659
15.9659
15.9659
15.9659
15.9659
15.9659
15.9659
15.9658
15.9658
15.9658
15.9658
15.9658
15.9658
15.9657
15.9657
15.9657
15.9656
15.9656
15.9656
15.9655
15.9655
15.9655
15.9654
15.9654
15.9653
15.9653
15.9652
15.9652
15.9651
15.965
15.965
15.9649
15.9648
15.9648
15.9647
15.9646
15.9646
15.9645
15.9644
15.9643
15.9642
15.9641
15.9641
15.964
15.9639
15.9638
15.9637
15.9636
15.9635
15.9634
15.9633
15.9632
15.9631
15.963
15.9629
15.9628
15.9627
15.9625
15.9624
15.9623
15.9622
15.9621
15.962
15.9618
15.9617
15.9616
15.9615
15.9614
15.9612
15.9611
15.961
15.9609
15.9607
15.9606
15.9605
15.9604
15.9602
15.9601
15.96
15.9598
15.9597
15.9596
15.9594
15.9593
15.9592
15.959
15.9589
15.9588
15.9587
15.9585
15.9584
15.9583
15.9581
15.958
15.9579
15.9577
15.9576
15.9575
15.9574
15.9572
15.9571
15.957
15.9569
15.9567
15.9566
15.9565
15.9564
15.9563
15.9562
15.956
15.9559
15.9558
15.9557
15.9556
15.9555
15.9554
15.9553
15.9552
15.9551
15.955
15.9549
15.9548
15.9547
15.9546
15.9545
15.9544
15.9543
15.9542
15.9541
15.9541
15.954
15.9539
15.9538
15.9538
15.9537
15.9536
15.9536
15.9535
15.9534
15.9534
15.9533
15.9533
15.9532
15.9532
15.9531
15.9531
15.953
15.953
15.953
15.9529
15.9529
15.9529
15.9529
15.9529
15.9528
15.9528
15.9528
15.9528
15.9528
15.9528
15.9528
15.9528
15.9528
15.9528
15.9528
15.9528
15.9529
15.9529
15.9529
15.9529
15.953
15.953
15.953
15.9531
15.9531
15.9531
15.9532
15.9532
15.9533
15.9533
15.9534
15.9535
15.9535
15.9536
15.9537
15.9537
15.9538
15.9539
15.954
15.954
15.9541
15.9542
15.9543
15.9544
15.9545
15.9546
15.9547
15.9548
15.9549
15.955
15.9551
15.9552
15.9553
15.9555
15.9556
15.9557
15.9558
15.9559
15.9561
15.9562
15.9563
15.9564
15.9566
15.9567
15.9568
15.957
15.9571
15.9573
15.9574
15.9575
15.9577
15.9578
15.958
15.9581
15.9583
15.9584
15.9586
15.9587
15.9589
15.959
15.9592
15.9593
15.9595
15.9597
15.9598
15.96
15.9601
15.9603
15.9604
15.9606
15.9608
15.9609
15.9611
15.9612
15.9614
15.9616
15.9617
15.9619
15.962
15.9622
15.9623
15.9625
15.9626
15.9628
15.963
15.9631
15.9633
15.9634
15.9636
15.9637
15.9638
15.964
15.9641
15.9643
15.9644
15.9646
15.9647
15.9648
15.965
15.9651
15.9652
15.9654
15.9655
15.9656
15.9657
15.9659
15.966
15.9661
15.9662
15.9663
15.9664
15.9666
15.9667
15.9668
15.9669
15.967
15.9671
15.9672
15.9672
15.9673
15.9674
15.9675
15.9676
15.9677
15.9677
15.9678
15.9679
15.9679
15.968
15.9681
15.9681
15.9682
15.9682
15.9683
15.9683
15.9683
15.9684
15.9684
15.9684
15.9685
15.9685
15.9685
15.9685
15.9685
15.9686
15.9686
15.9686
15.9686
15.9686
15.9686
15.9685
15.9685
15.9685
15.9685
15.9685
15.9684
15.9684
15.9684
15.9683
15.9683
15.9683
15.9682
15.9682
15.9681
15.968
15.968
15.9679
15.9678
15.9678
15.9677
15.9676
15.9675
15.9675
15.9674
15.9673
15.9672
15.9671
15.967
15.9669
15.9668
15.9667
15.9666
15.9664
15.9663
15.9662
15.9661
15.966
15.9658
15.9657
15.9656
15.9654
15.9653
15.9652
15.965
15.9649
15.9647
15.9646
15.9644
15.9643
15.9641
15.964
15.9638
15.9636
15.9635
15.9633
15.9632
15.963
15.9628
15.9626
15.9625
15.9623
15.9621
15.962
15.9618
15.9616
15.9614
15.9612
15.9611
15.9609
15.9607
15.9605
15.9603
15.9602
15.96
15.9598
15.9596
15.9594
15.9592
15.9591
15.9589
15.9587
15.9585
15.9583
15.9581
15.958
15.9578
15.9576
15.9574
15.9572
15.9571
15.9569
15.9567
15.9565
15.9564
15.9562
15.956
15.9558
15.9557
15.9555
15.9553
15.9552
15.955
15.9548
15.9547
15.9545
15.9544
15.9542
15.9541
15.9539
15.9538
15.9536
15.9535
15.9533
15.9532
15.9531
15.9529
15.9528
15.9527
15.9526
15.9524
15.9523
15.9522
15.9521
15.952
15.9519
15.9518
15.9517
15.9516
15.9515
15.9514
15.9513
15.9512
15.9511
15.951
15.951
15.9509
15.9508
15.9508
15.9507
15.9506
15.9506
15.9505
15.9505
15.9505
15.9504
15.9504
15.9504
15.9503
15.9503
15.9503
15.9503
15.9503
15.9503
15.9503
15.9503
15.9503
15.9503
15.9503
15.9503
15.9503
15.9503
15.9504
15.9504
15.9504
15.9505
15.9505
15.9506
15.9506
15.9507
15.9507
15.9508
15.9509
15.9509
15.951
15.9511
15.9512
15.9513
15.9513
15.9514
15.9515
15.9516
15.9517
15.9518
15.952
15.9521
15.9522
15.9523
15.9524
15.9526
15.9527
15.9528
15.953
15.9531
15.9532
15.9534
15.9535
15.9537
15.9538
15.954
15.9542
15.9543
15.9545
15.9546
15.9548
15.955
15.9552
15.9553
15.9555
15.9557
15.9559
15.9561
15.9562
15.9564
15.9566
15.9568
15.957
15.9572
15.9574
15.9576
15.9578
15.958
15.9582
15.9584
15.9586
15.9588
15.959
15.9592
15.9594
15.9596
15.9598
15.96
15.9602
15.9605
15.9607
15.9609
15.9611
15.9613
15.9615
15.9617
15.9619
15.9621
15.9623
15.9625
15.9627
15.9629
15.9631
15.9633
15.9635
15.9637
15.9639
15.9641
15.9643
15.9645
15.9647
15.9649
15.9651
15.9653
15.9655
15.9656
15.9658
15.966
15.9662
15.9664
15.9665
15.9667
15.9669
15.967
15.9672
15.9674
15.9675
15.9677
15.9678
15.968
15.9681
15.9683
15.9684
15.9685
15.9687
15.9688
15.9689
15.9691
15.9692
15.9693
15.9694
15.9695
15.9696
15.9697
15.9698
15.9699
15.97
15.9701
15.9702
15.9703
15.9703
15.9704
15.9705
15.9705
15.9706
15.9706
15.9707
15.9707
15.9708
15.9708
15.9708
15.9709
15.9709
15.9709
15.9709
15.9709
15.971
15.971
15.971
15.971
15.9709
15.9709
15.9709
15.9709
15.9709
15.9708
15.9708
15.9707
15.9707
15.9706
15.9706
15.9705
15.9705
15.9704
15.9703
15.9703
15.9702
15.9701
15.97
15.9699
15.9698
15.9697
15.9696
15.9695
15.9694
15.9693
15.9692
15.969
15.9689
15.9688
15.9686
15.9685
15.9684
15.9682
15.9681
15.9679
15.9678
15.9676
15.9674
15.9673
15.9671
15.9669
15.9668
15.9666
15.9664
15.9662
15.966
15.9658
15.9656
15.9655
15.9653
15.9651
15.9649
15.9647
15.9644
15.9642
15.964
15.9638
15.9636
15.9634
15.9632
15.963
15.9627
15.9625
15.9623
15.9621
15.9618
15.9616
15.9614
15.9612
15.9609
15.9607
15.9605
15.9603
15.96
15.9598
15.9596
15.9593
15.9591
15.9589
15.9586
15.9584
15.9582
15.958
15.9577
15.9575
15.9573
15.9571
15.9568
15.9566
15.9564
15.9562
15.9559
15.9557
15.9555
15.9553
15.9551
15.9549
15.9546
15.9544
15.9542
15.954
15.9538
15.9536
15.9534
15.9532
15.953
15.9528
15.9527
15.9525
15.9523
15.9521
15.9519
15.9518
15.9516
15.9514
15.9513
15.9511
15.9509
15.9508
15.9506
15.9505
15.9503
15.9502
15.9501
15.9499
15.9498
15.9497
15.9496
15.9495
15.9493
15.9492
15.9491
15.949
15.9489
15.9488
15.9488
15.9487
15.9486
15.9485
15.9485
15.9484
15.9483
15.9483
15.9482
15.9482
15.9481
15.9481
15.9481
15.9481
15.948
15.948
15.948
15.948
15.948
15.948
15.948
15.948
15.948
15.9481
15.9481
15.9481
15.9482
15.9482
15.9482
15.9483
15.9483
15.9484
15.9485
15.9485
15.9486
15.9487
15.9488
15.9489
15.949
15.9491
15.9492
15.9493
15.9494
15.9495
15.9496
15.9497
15.9499
15.95
15.9501
15.9503
15.9504
15.9506
15.9507
15.9509
15.951
15.9512
15.9514
15.9515
15.9517
15.9519
15.9521
15.9523
15.9525
15.9527
15.9528
15.953
15.9532
15.9535
15.9537
15.9539
15.9541
15.9543
15.9545
15.9547
15.955
15.9552
15.9554
15.9556
15.9559
15.9561
15.9563
15.9566
15.9568
15.9571
15.9573
15.9575
15.9578
15.958
15.9583
15.9585
15.9588
15.959
15.9593
15.9595
15.9598
15.96
15.9603
15.9605
15.9608
15.961
15.9613
15.9615
15.9618
15.962
15.9623
15.9625
15.9628
15.963
15.9633
15.9635
15.9638
15.964
15.9643
15.9645
15.9647
15.965
15.9652
15.9654
15.9657
15.9659
15.9661
15.9664
15.9666
15.9668
15.967
15.9672
15.9674
15.9677
15.9679
15.9681
15.9683
15.9685
15.9687
15.9689
15.969
15.9692
15.9694
15.9696
15.9698
15.9699
15.9701
15.9703
15.9704
15.9706
15.9707
15.9709
15.971
15.9712
15.9713
15.9714
15.9715
15.9717
15.9718
15.9719
15.972
15.9721
15.9722
15.9723
15.9724
15.9725
15.9725
15.9726
15.9727
15.9727
15.9728
15.9729
15.9729
15.973
15.973
15.973
15.973
15.9731
15.9731
15.9731
15.9731
15.9731
15.9731
15.9731
15.9731
15.9731
15.973
15.973
15.973
15.9729
15.9729
15.9728
15.9728
15.9727
15.9726
15.9726
15.9725
15.9724
15.9723
15.9722
15.9721
15.972
15.9719
15.9718
15.9717
15.9716
15.9714
15.9713
15.9712
15.971
15.9709
15.9707
15.9706
15.9704
15.9703
15.9701
15.9699
15.9698
15.9696
15.9694
15.9692
15.969
15.9688
15.9686
15.9684
15.9682
15.968
15.9678
15.9676
15.9674
15.9671
15.9669
15.9667
15.9664
15.9662
15.966
15.9657
15.9655
15.9652
15.965
15.9648
15.9645
15.9642
15.964
15.9637
15.9635
15.9632
15.963
15.9627
15.9624
15.9622
15.9619
15.9616
15.9614
15.9611
15.9608
15.9605
15.9603
15.96
15.9597
15.9595
15.9592
15.9589
15.9586
15.9584
15.9581
15.9578
15.9576
15.9573
15.957
15.9568
15.9565
15.9562
15.956
15.9557
15.9554
15.9552
15.9549
15.9547
15.9544
15.9542
15.9539
15.9537
15.9534
15.9532
15.9529
15.9527
15.9525
15.9522
15.952
15.9518
15.9515
15.9513
15.9511
15.9509
15.9507
15.9505
15.9503
15.9501
15.9499
15.9497
15.9495
15.9493
15.9491
15.949
15.9488
15.9486
15.9485
15.9483
15.9482
15.948
15.9479
15.9477
15.9476
15.9475
15.9473
15.9472
15.9471
15.947
15.9469
15.9468
15.9467
15.9466
15.9465
15.9464
15.9464
15.9463
15.9462
15.9462
15.9461
15.9461
15.9461
15.946
15.946
15.946
15.946
15.9459
15.9459
15.9459
15.9459
15.946
15.946
15.946
15.946
15.9461
15.9461
15.9461
15.9462
15.9463
15.9463
15.9464
15.9465
15.9465
15.9466
15.9467
15.9468
15.9469
15.947
15.9471
15.9472
15.9474
15.9475
15.9476
15.9478
15.9479
15.948
15.9482
15.9484
15.9485
15.9487
15.9489
15.949
15.9492
15.9494
15.9496
15.9498
15.95
15.9502
15.9504
15.9506
15.9508
15.951
15.9513
15.9515
15.9517
15.9519
15.9522
15.9524
15.9527
15.9529
15.9532
15.9534
15.9537
15.9539
15.9542
15.9544
15.9547
15.955
15.9552
15.9555
15.9558
15.9561
15.9564
15.9566
15.9569
15.9572
15.9575
15.9578
15.9581
15.9583
15.9586
15.9589
15.9592
15.9595
15.9598
15.9601
15.9604
15.9607
15.961
15.9613
15.9615
15.9618
15.9621
15.9624
15.9627
15.963
15.9633
15.9636
15.9639
15.9641
15.9644
15.9647
15.965
15.9653
15.9655
15.9658
15.9661
15.9664
15.9666
15.9669
15.9672
15.9674
15.9677
15.9679
15.9682
15.9684
15.9687
15.9689
15.9692
15.9694
15.9696
15.9698
15.9701
15.9703
15.9705
15.9707
15.9709
15.9711
15.9713
15.9715
15.9717
15.9719
15.9721
15.9723
15.9724
15.9726
15.9728
15.9729
15.9731
15.9732
15.9734
15.9735
15.9736
15.9738
15.9739
15.974
15.9741
15.9742
15.9743
15.9744
15.9745
15.9746
15.9747
15.9747
15.9748
15.9748
15.9749
15.9749
15.975
15.975
15.975
15.9751
15.9751
15.9751
15.9751
15.9751
15.9751
15.9751
15.9751
15.975
15.975
15.975
15.9749
15.9749
15.9748
15.9748
15.9747
15.9746
15.9745
15.9744
15.9744
15.9743
15.9742
15.974
15.9739
15.9738
15.9737
15.9736
15.9734
15.9733
15.9731
15.973
15.9728
15.9726
15.9725
15.9723
15.9721
15.9719
15.9718
15.9716
15.9714
15.9712
15.9709
15.9707
15.9705
15.9703
15.9701
15.9698
15.9696
15.9694
15.9691
15.9689
15.9686
15.9684
15.9681
15.9679
15.9676
15.9673
15.9671
15.9668
15.9665
15.9662
15.9659
15.9657
15.9654
15.9651
15.9648
15.9645
15.9642
15.9639
15.9636
15.9633
15.963
15.9627
15.9624
15.9621
15.9618
15.9615
15.9612
15.9608
15.9605
15.9602
15.9599
15.9596
15.9593
15.959
15.9587
15.9584
15.958
15.9577
15.9574
15.9571
15.9568
15.9565
15.9562
15.9559
15.9556
15.9553
15.955
15.9547
15.9544
15.9541
15.9538
15.9535
15.9532
15.9529
15.9527
15.9524
15.9521
15.9518
15.9516
15.9513
15.951
15.9508
15.9505
15.9503
15.95
15.9498
15.9495
15.9493
15.9491
15.9488
15.9486
15.9484
15.9482
15.9479
15.9477
15.9475
15.9473
15.9472
15.947
15.9468
15.9466
15.9464
15.9463
15.9461
15.9459
15.9458
15.9457
15.9455
15.9454
15.9453
15.9451
15.945
15.9449
15.9448
15.9447
15.9446
15.9445
15.9444
15.9444
15.9443
15.9442
15.9442
15.9441
15.9441
15.9441
15.944
15.944
15.944
15.944
15.944
15.944
15.944
15.944
15.944
15.9441
15.9441
15.9441
15.9442
15.9442
15.9443
15.9444
15.9445
15.9445
15.9446
15.9447
15.9448
15.9449
15.945
15.9451
15.9453
15.9454
15.9455
15.9457
15.9458
15.946
15.9461
15.9463
15.9465
15.9466
15.9468
15.947
15.9472
15.9474
15.9476
15.9478
15.948
15.9482
15.9485
15.9487
15.9489
15.9492
15.9494
15.9496
15.9499
15.9501
15.9504
15.9507
15.9509
15.9512
15.9515
15.9518
15.952
15.9523
15.9526
15.9529
15.9532
15.9535
15.9538
15.9541
15.9544
15.9547
15.955
15.9553
15.9556
15.956
15.9563
15.9566
15.9569
15.9572
15.9576
15.9579
15.9582
15.9585
15.9589
15.9592
15.9595
15.9599
15.9602
15.9605
15.9609
15.9612
15.9615
15.9619
15.9622
15.9625
15.9628
15.9632
15.9635
15.9638
15.9641
15.9645
15.9648
15.9651
15.9654
15.9657
15.9661
15.9664
15.9667
15.967
15.9673
15.9676
15.9679
15.9682
15.9685
15.9688
15.9691
15.9693
15.9696
15.9699
15.9702
15.9704
15.9707
15.971
15.9712
15.9715
15.9717
15.972
15.9722
15.9724
15.9727
15.9729
15.9731
15.9733
15.9735
15.9737
15.9739
15.9741
15.9743
15.9745
15.9747
15.9748
15.975
15.9751
15.9753
15.9754
15.9756
15.9757
15.9758
15.976
15.9761
15.9762
15.9763
15.9764
15.9765
15.9766
15.9766
15.9767
15.9768
15.9768
15.9769
15.9769
15.977
15.977
15.977
15.977
15.977
15.977
15.977
15.977
15.977
15.977
15.9769
15.9769
15.9769
15.9768
15.9767
15.9767
15.9766
15.9765
15.9764
15.9763
15.9762
15.9761
15.976
15.9759
15.9758
15.9756
15.9755
15.9754
15.9752
15.9751
15.9749
15.9747
15.9745
15.9744
15.9742
15.974
15.9738
15.9736
15.9734
15.9732
15.9729
15.9727
15.9725
15.9722
15.972
15.9718
15.9715
15.9712
15.971
15.9707
15.9704
15.9702
15.9699
15.9696
15.9693
15.969
15.9687
15.9684
15.9681
15.9678
15.9675
15.9672
15.9669
15.9666
15.9663
15.9659
15.9656
15.9653
15.9649
15.9646
15.9643
15.9639
15.9636
15.9633
15.9629
15.9626
15.9622
15.9619
15.9615
15.9612
15.9608
15.9605
15.9601
15.9598
15.9594
15.9591
15.9587
15.9584
15.958
15.9577
15.9573
15.957
15.9566
15.9563
15.956
15.9556
15.9553
15.9549
15.9546
15.9543
15.9539
15.9536
15.9533
15.9529
15.9526
15.9523
15.952
15.9517
15.9513
15.951
15.9507
15.9504
15.9501
15.9498
15.9496
15.9493
15.949
15.9487
15.9484
15.9482
15.9479
15.9476
15.9474
15.9471
15.9469
15.9466
15.9464
15.9462
15.946
15.9457
15.9455
15.9453
15.9451
15.9449
15.9447
15.9445
15.9444
15.9442
15.944
15.9439
15.9437
15.9436
15.9434
15.9433
15.9432
15.943
15.9429
15.9428
15.9427
15.9426
15.9425
15.9425
15.9424
15.9423
15.9423
15.9422
15.9422
15.9421
15.9421
15.9421
15.9421
15.9421
15.9421
15.9421
15.9421
15.9421
15.9421
15.9422
15.9422
15.9423
15.9423
15.9424
15.9425
15.9425
15.9426
15.9427
15.9428
15.9429
15.943
15.9432
15.9433
15.9434
15.9436
15.9437
15.9439
15.944
15.9442
15.9444
15.9445
15.9447
15.9449
15.9451
15.9453
15.9455
15.9457
15.946
15.9462
15.9464
15.9467
15.9469
15.9472
15.9474
15.9477
15.948
15.9482
15.9485
15.9488
15.9491
15.9494
15.9497
15.95
15.9503
15.9506
15.9509
15.9512
15.9515
15.9518
15.9522
15.9525
15.9528
15.9532
15.9535
15.9538
15.9542
15.9545
15.9549
15.9552
15.9556
15.9559
15.9563
15.9567
15.957
15.9574
15.9578
15.9581
15.9585
15.9589
15.9592
15.9596
15.96
15.9603
15.9607
15.9611
15.9614
15.9618
15.9622
15.9625
15.9629
15.9633
15.9636
15.964
15.9644
15.9647
15.9651
15.9655
15.9658
15.9662
15.9665
15.9669
15.9672
15.9676
15.9679
15.9682
15.9686
15.9689
15.9692
15.9696
15.9699
15.9702
15.9705
15.9708
15.9711
15.9714
15.9717
15.972
15.9723
15.9726
15.9729
15.9731
15.9734
15.9737
15.9739
15.9742
15.9744
15.9747
15.9749
15.9751
15.9754
15.9756
15.9758
15.976
15.9762
15.9764
15.9766
15.9768
15.9769
15.9771
15.9773
15.9774
15.9776
15.9777
15.9778
15.978
15.9781
15.9782
15.9783
15.9784
15.9785
15.9786
15.9786
15.9787
15.9788
15.9788
15.9789
15.9789
15.9789
15.9789
15.979
15.979
15.979
15.979
15.9789
15.9789
15.9789
15.9788
15.9788
15.9787
15.9787
15.9786
15.9785
15.9785
15.9784
15.9783
15.9782
15.978
15.9779
15.9778
15.9777
15.9775
15.9774
15.9772
15.9771
15.9769
15.9767
15.9765
15.9763
15.9761
15.9759
15.9757
15.9755
15.9753
15.975
15.9748
15.9746
15.9743
15.9741
15.9738
15.9735
15.9733
15.973
15.9727
15.9724
15.9721
15.9718
15.9715
15.9712
15.9709
15.9706
15.9703
15.9699
15.9696
15.9693
15.9689
15.9686
15.9683
15.9679
15.9676
15.9672
15.9668
15.9665
15.9661
15.9658
15.9654
15.965
15.9646
15.9643
15.9639
15.9635
15.9631
15.9627
15.9624
15.962
15.9616
15.9612
15.9608
15.9604
15.96
15.9596
15.9593
15.9589
15.9585
15.9581
15.9577
15.9573
15.9569
15.9565
15.9562
15.9558
15.9554
15.955
15.9546
15.9543
15.9539
15.9535
15.9531
15.9528
15.9524
15.9521
15.9517
15.9513
15.951
15.9506
15.9503
15.95
15.9496
15.9493
15.949
15.9486
15.9483
15.948
15.9477
15.9474
15.9471
15.9468
15.9465
15.9462
15.9459
15.9456
15.9454
15.9451
15.9448
15.9446
15.9443
15.9441
15.9439
15.9436
15.9434
15.9432
15.943
15.9428
15.9426
15.9424
15.9422
15.942
15.9419
15.9417
15.9416
15.9414
15.9413
15.9412
15.941
15.9409
15.9408
15.9407
15.9406
15.9405
15.9405
15.9404
15.9403
15.9403
15.9402
15.9402
15.9402
15.9401
15.9401
15.9401
15.9401
15.9401
15.9401
15.9402
15.9402
15.9402
15.9403
15.9403
15.9404
15.9405
15.9406
15.9407
15.9408
15.9409
15.941
15.9411
15.9412
15.9414
15.9415
15.9417
15.9418
15.942
15.9421
15.9423
15.9425
15.9427
15.9429
15.9431
15.9433
15.9436
15.9438
15.944
15.9443
15.9445
15.9448
15.945
15.9453
15.9456
15.9459
15.9461
15.9464
15.9467
15.947
15.9473
15.9477
15.948
15.9483
15.9486
15.949
15.9493
15.9496
15.95
15.9503
15.9507
15.951
15.9514
15.9518
15.9521
15.9525
15.9529
15.9533
15.9537
15.954
15.9544
15.9548
15.9552
15.9556
15.956
15.9564
15.9568
15.9572
15.9576
15.958
15.9584
15.9588
15.9592
15.9596
15.9601
15.9605
15.9609
15.9613
15.9617
15.9621
15.9625
15.9629
15.9633
15.9637
15.9641
15.9645
15.9649
15.9653
15.9657
15.9661
15.9665
15.9669
15.9673
15.9677
15.9681
15.9684
15.9688
15.9692
15.9696
15.9699
15.9703
15.9707
15.971
15.9714
15.9717
15.972
15.9724
15.9727
15.973
15.9734
15.9737
15.974
15.9743
15.9746
15.9749
15.9752
15.9755
15.9757
15.976
15.9763
15.9765
15.9768
15.977
15.9773
15.9775
15.9777
15.978
15.9782
15.9784
15.9786
15.9788
15.9789
15.9791
15.9793
15.9794
15.9796
15.9797
15.9799
15.98
15.9801
15.9802
15.9803
15.9804
15.9805
15.9806
15.9807
15.9807
15.9808
15.9808
15.9809
15.9809
15.9809
15.981
15.981
15.981
15.9809
15.9809
15.9809
15.9809
15.9808
15.9808
15.9807
15.9806
15.9806
15.9805
15.9804
15.9803
15.9802
15.98
15.9799
15.9798
15.9796
15.9795
15.9793
15.9792
15.979
15.9788
15.9786
15.9784
15.9782
15.978
15.9778
15.9775
15.9773
15.9771
15.9768
15.9766
15.9763
15.976
15.9758
15.9755
15.9752
15.9749
15.9746
15.9743
15.974
15.9736
15.9733
15.973
15.9727
15.9723
15.972
15.9716
15.9713
15.9709
15.9705
15.9702
15.9698
15.9694
15.969
15.9687
15.9683
15.9679
15.9675
15.9671
15.9667
15.9663
15.9659
15.9655
15.965
15.9646
15.9642
15.9638
15.9634
15.9629
15.9625
15.9621
15.9617
15.9612
15.9608
15.9604
15.96
15.9595
15.9591
15.9587
15.9582
15.9578
15.9574
15.957
15.9565
15.9561
15.9557
15.9553
15.9548
15.9544
15.954
15.9536
15.9532
15.9528
15.9524
15.952
15.9516
15.9512
15.9508
15.9504
15.95
15.9496
15.9492
15.9488
15.9485
15.9481
15.9477
15.9474
15.947
15.9467
15.9463
15.946
15.9457
15.9453
15.945
15.9447
15.9444
15.9441
15.9438
15.9435
15.9432
15.9429
15.9427
15.9424
15.9422
15.9419
15.9417
15.9414
15.9412
15.941
15.9408
15.9406
15.9404
15.9402
15.94
15.9398
15.9396
15.9395
15.9393
15.9392
15.9391
15.9389
15.9388
15.9387
15.9386
15.9385
15.9384
15.9384
15.9383
15.9382
15.9382
15.9382
15.9381
15.9381
15.9381
15.9381
15.9381
15.9381
15.9381
15.9381
15.9382
15.9382
15.9383
15.9384
15.9384
15.9385
15.9386
15.9387
15.9388
15.9389
15.9391
15.9392
15.9393
15.9395
15.9396
15.9398
15.94
15.9402
15.9404
15.9406
15.9408
15.941
15.9412
15.9414
15.9417
15.9419
15.9422
15.9424
15.9427
15.943
15.9433
15.9436
15.9439
15.9442
15.9445
15.9448
15.9451
15.9454
15.9458
15.9461
15.9465
15.9468
15.9472
15.9475
15.9479
15.9483
15.9486
15.949
15.9494
15.9498
15.9502
15.9506
15.951
15.9514
15.9518
15.9522
15.9527
15.9531
15.9535
15.9539
15.9544
15.9548
15.9552
15.9557
15.9561
15.9565
15.957
15.9574
15.9579
15.9583
15.9588
15.9592
15.9597
15.9601
15.9606
15.961
15.9615
15.9619
15.9624
15.9628
15.9633
15.9637
15.9642
15.9646
15.965
15.9655
15.9659
15.9664
15.9668
15.9672
15.9677
15.9681
15.9685
15.9689
15.9693
15.9698
15.9702
15.9706
15.971
15.9714
15.9718
15.9722
15.9725
15.9729
15.9733
15.9737
15.974
15.9744
15.9747
15.9751
15.9754
15.9758
15.9761
15.9764
15.9767
15.9771
15.9774
15.9777
15.9779
15.9782
15.9785
15.9788
15.979
15.9793
15.9795
15.9798
15.98
15.9802
15.9804
15.9807
15.9809
15.981
15.9812
15.9814
15.9816
15.9817
15.9819
15.982
15.9821
15.9823
15.9824
15.9825
15.9826
15.9827
15.9827
15.9828
15.9829
15.9829
15.983
15.983
15.983
15.983
15.983
15.983
15.983
15.983
15.983
15.9829
15.9829
15.9828
15.9827
15.9827
15.9826
15.9825
15.9824
15.9823
15.9821
15.982
15.9819
15.9817
15.9816
15.9814
15.9812
15.981
15.9808
15.9806
15.9804
15.9802
15.98
15.9797
15.9795
15.9792
15.979
15.9787
15.9784
15.9782
15.9779
15.9776
15.9773
15.977
15.9766
15.9763
15.976
15.9757
15.9753
15.975
15.9746
15.9742
15.9739
15.9735
15.9731
15.9727
15.9723
15.9719
15.9715
15.9711
15.9707
15.9703
15.9699
15.9695
15.969
15.9686
15.9682
15.9677
15.9673
15.9668
15.9664
15.9659
15.9655
15.965
15.9646
15.9641
15.9637
15.9632
15.9627
15.9623
15.9618
15.9613
15.9609
15.9604
15.9599
15.9594
15.959
15.9585
15.958
15.9576
15.9571
15.9566
15.9562
15.9557
15.9552
15.9548
15.9543
15.9538
15.9534
15.9529
15.9525
15.952
15.9516
15.9511
15.9507
15.9503
15.9498
15.9494
15.949
15.9486
15.9481
15.9477
15.9473
15.9469
15.9465
15.9461
15.9457
15.9454
15.945
15.9446
15.9443
15.9439
15.9435
15.9432
15.9429
15.9425
15.9422
15.9419
15.9416
15.9413
15.941
15.9407
15.9404
15.9401
15.9399
15.9396
15.9394
15.9391
15.9389
15.9387
15.9384
15.9382
15.938
15.9379
15.9377
15.9375
15.9373
15.9372
15.937
15.9369
15.9368
15.9366
15.9365
15.9364
15.9364
15.9363
15.9362
15.9361
15.9361
15.936
15.936
15.936
15.936
15.936
15.936
15.936
15.936
15.936
15.9361
15.9361
15.9362
15.9363
15.9364
15.9364
15.9366
15.9367
15.9368
15.9369
15.937
15.9372
15.9374
15.9375
15.9377
15.9379
15.9381
15.9383
15.9385
15.9387
15.9389
15.9392
15.9394
15.9397
15.9399
15.9402
15.9405
15.9408
15.9411
15.9414
15.9417
15.942
15.9423
15.9427
15.943
15.9433
15.9437
15.944
15.9444
15.9448
15.9452
15.9456
15.9459
15.9463
15.9467
15.9472
15.9476
15.948
15.9484
15.9488
15.9493
15.9497
15.9502
15.9506
15.9511
15.9515
15.952
15.9524
15.9529
15.9534
15.9538
15.9543
15.9548
15.9553
15.9557
15.9562
15.9567
15.9572
15.9577
15.9582
15.9587
15.9592
15.9597
15.9601
15.9606
15.9611
15.9616
15.9621
15.9626
15.9631
15.9636
15.9641
15.9646
15.965
15.9655
15.966
15.9665
15.967
15.9674
15.9679
15.9684
15.9689
15.9693
15.9698
15.9702
15.9707
15.9711
15.9716
15.972
15.9724
15.9729
15.9733
15.9737
15.9741
15.9746
15.975
15.9754
15.9757
15.9761
15.9765
15.9769
15.9773
15.9776
15.978
15.9783
15.9787
15.979
15.9793
15.9796
15.9799
15.9802
15.9805
15.9808
15.9811
15.9814
15.9816
15.9819
15.9821
15.9824
15.9826
15.9828
15.983
15.9832
15.9834
15.9836
15.9838
15.9839
15.9841
15.9842
15.9843
15.9845
15.9846
15.9847
15.9848
15.9849
15.9849
15.985
15.9851
15.9851
15.9851
15.9852
15.9852
15.9852
15.9852
15.9852
15.9851
15.9851
15.9851
15.985
15.9849
15.9849
15.9848
15.9847
15.9846
15.9845
15.9843
15.9842
15.9841
15.9839
15.9837
15.9836
15.9834
15.9832
15.983
15.9828
15.9825
15.9823
15.9821
15.9818
15.9816
15.9813
15.981
15.9808
15.9805
15.9802
15.9799
15.9795
15.9792
15.9789
15.9785
15.9782
15.9778
15.9775
15.9771
15.9767
15.9763
15.976
15.9756
15.9752
15.9748
15.9743
15.9739
15.9735
15.9731
15.9726
15.9722
15.9717
15.9713
15.9708
15.9704
15.9699
15.9694
15.9689
15.9685
15.968
15.9675
15.967
15.9665
15.966
15.9655
15.965
15.9645
15.964
15.9635
15.963
15.9625
15.962
15.9615
15.961
15.9604
15.9599
15.9594
15.9589
15.9584
15.9579
15.9574
15.9568
15.9563
15.9558
15.9553
15.9548
15.9543
15.9538
15.9533
15.9528
15.9523
15.9518
15.9513
15.9508
15.9504
15.9499
15.9494
15.9489
15.9485
15.948
15.9475
15.9471
15.9466
15.9462
15.9458
15.9453
15.9449
15.9445
15.9441
15.9436
15.9432
15.9428
15.9425
15.9421
15.9417
15.9413
15.941
15.9406
15.9403
15.9399
15.9396
15.9393
15.939
15.9387
15.9384
15.9381
15.9378
15.9375
15.9372
15.937
15.9367
15.9365
15.9363
15.9361
15.9359
15.9357
15.9355
15.9353
15.9351
15.935
15.9348
15.9347
15.9345
15.9344
15.9343
15.9342
15.9341
15.9341
15.934
15.9339
15.9339
15.9338
15.9338
15.9338
15.9338
15.9338
15.9338
15.9338
15.9339
15.9339
15.934
15.9341
15.9341
15.9342
15.9343
15.9344
15.9346
15.9347
15.9348
15.935
15.9351
15.9353
15.9355
15.9357
15.9359
15.9361
15.9363
15.9365
15.9368
15.937
15.9373
15.9375
15.9378
15.9381
15.9384
15.9387
15.939
15.9393
15.9397
15.94
15.9404
15.9407
15.9411
15.9414
15.9418
15.9422
15.9426
15.943
15.9434
15.9438
15.9442
15.9446
15.9451
15.9455
15.946
15.9464
15.9469
15.9473
15.9478
15.9483
15.9487
15.9492
15.9497
15.9502
15.9507
15.9512
15.9517
15.9522
15.9527
15.9532
15.9537
15.9543
15.9548
15.9553
15.9558
15.9564
15.9569
15.9574
15.958
15.9585
15.959
15.9596
15.9601
15.9606
15.9612
15.9617
15.9622
15.9628
15.9633
15.9638
15.9644
15.9649
15.9654
15.966
15.9665
15.967
15.9675
15.968
15.9686
15.9691
15.9696
15.9701
15.9706
15.9711
15.9716
15.972
15.9725
15.973
15.9735
15.974
15.9744
15.9749
15.9753
15.9758
15.9762
15.9766
15.9771
15.9775
15.9779
15.9783
15.9787
15.9791
15.9795
15.9799
15.9802
15.9806
15.981
15.9813
15.9816
15.982
15.9823
15.9826
15.9829
15.9832
15.9835
15.9837
15.984
15.9843
15.9845
15.9848
15.985
15.9852
15.9854
15.9856
15.9858
15.986
15.9861
15.9863
15.9864
15.9866
15.9867
15.9868
15.9869
15.987
15.9871
15.9872
15.9872
15.9873
15.9873
15.9873
15.9874
15.9874
15.9874
15.9873
15.9873
15.9873
15.9872
15.9872
15.9871
15.987
15.9869
15.9868
15.9867
15.9866
15.9864
15.9863
15.9861
15.986
15.9858
15.9856
15.9854
15.9852
15.985
15.9848
15.9845
15.9843
15.984
15.9837
15.9835
15.9832
15.9829
15.9826
15.9823
15.9819
15.9816
15.9813
15.9809
15.9806
15.9802
15.9798
15.9794
15.979
15.9786
15.9782
15.9778
15.9774
15.977
15.9765
15.9761
15.9756
15.9752
15.9747
15.9742
15.9738
15.9733
15.9728
15.9723
15.9718
15.9713
15.9708
15.9703
15.9698
15.9693
15.9687
15.9682
15.9677
15.9671
15.9666
15.9661
15.9655
15.965
15.9644
15.9639
15.9633
15.9628
15.9622
15.9617
15.9611
15.9606
15.96
15.9595
15.9589
15.9583
15.9578
15.9572
15.9567
15.9561
15.9556
15.955
15.9545
15.9539
15.9534
15.9528
15.9523
15.9517
15.9512
15.9507
15.9502
15.9496
15.9491
15.9486
15.9481
15.9476
15.9471
15.9466
15.9461
15.9456
15.9451
15.9446
15.9442
15.9437
15.9432
15.9428
15.9424
15.9419
15.9415
15.9411
15.9406
15.9402
15.9398
15.9394
15.9391
15.9387
15.9383
15.938
15.9376
15.9373
15.9369
15.9366
15.9363
15.936
15.9357
15.9354
15.9351
15.9349
15.9346
15.9344
15.9341
15.9339
15.9337
15.9335
15.9333
15.9331
15.9329
15.9328
15.9326
15.9325
15.9323
15.9322
15.9321
15.932
15.9319
15.9318
15.9318
15.9317
15.9317
15.9317
15.9316
15.9316
15.9316
15.9317
15.9317
15.9317
15.9318
15.9318
15.9319
15.932
15.9321
15.9322
15.9323
15.9324
15.9326
15.9327
15.9329
15.9331
15.9332
15.9334
15.9336
15.9339
15.9341
15.9343
15.9346
15.9348
15.9351
15.9354
15.9357
15.936
15.9363
15.9366
15.9369
15.9372
15.9376
15.9379
15.9383
15.9387
15.9391
15.9394
15.9398
15.9402
15.9407
15.9411
15.9415
15.9419
15.9424
15.9428
15.9433
15.9438
15.9442
15.9447
15.9452
15.9457
15.9462
15.9467
15.9472
15.9477
15.9482
15.9488
15.9493
15.9498
15.9504
15.9509
15.9515
15.952
15.9526
15.9531
15.9537
15.9542
15.9548
15.9554
15.9559
15.9565
15.9571
15.9577
15.9582
15.9588
15.9594
15.96
15.9605
15.9611
15.9617
15.9623
15.9629
15.9634
15.964
15.9646
15.9652
15.9657
15.9663
15.9669
15.9674
15.968
15.9685
15.9691
15.9697
15.9702
15.9707
15.9713
15.9718
15.9724
15.9729
15.9734
15.9739
15.9744
15.9749
15.9754
15.9759
15.9764
15.9769
15.9774
15.9779
15.9783
15.9788
15.9792
15.9797
15.9801
15.9805
15.9809
15.9813
15.9817
15.9821
15.9825
15.9829
15.9833
15.9836
15.984
15.9843
15.9846
15.9849
15.9852
15.9855
15.9858
15.9861
15.9864
15.9866
15.9869
15.9871
15.9873
15.9876
15.9878
15.988
15.9881
15.9883
15.9885
15.9886
15.9888
15.9889
15.989
15.9891
15.9892
15.9893
15.9893
15.9894
15.9894
15.9895
15.9895
15.9895
15.9895
15.9895
15.9894
15.9894
15.9894
15.9893
15.9892
15.9891
15.989
15.9889
15.9888
15.9887
15.9885
15.9884
15.9882
15.988
15.9878
15.9876
15.9874
15.9872
15.987
15.9867
15.9865
15.9862
15.9859
15.9856
15.9853
15.985
15.9847
15.9844
15.9841
15.9837
15.9834
15.983
15.9826
15.9822
15.9818
15.9814
15.981
15.9806
15.9802
15.9797
15.9793
15.9788
15.9784
15.9779
15.9774
15.9769
15.9765
15.976
15.9755
15.975
15.9744
15.9739
15.9734
15.9729
15.9723
15.9718
15.9712
15.9707
15.9701
15.9696
15.969
15.9684
15.9678
15.9673
15.9667
15.9661
15.9655
15.9649
15.9643
15.9637
15.9632
15.9626
15.962
15.9614
15.9608
15.9602
15.9596
15.959
15.9584
15.9578
15.9572
15.9566
15.956
15.9554
15.9548
15.9542
15.9536
15.953
15.9524
15.9519
15.9513
15.9507
15.9501
15.9496
15.949
15.9484
15.9479
15.9473
15.9468
15.9463
15.9457
15.9452
15.9447
15.9441
15.9436
15.9431
15.9426
15.9421
15.9417
15.9412
15.9407
15.9402
15.9398
15.9393
15.9389
15.9385
15.938
15.9376
15.9372
15.9368
15.9364
15.9361
15.9357
15.9353
15.935
15.9346
15.9343
15.934
15.9337
15.9334
15.9331
15.9328
15.9326
15.9323
15.932
15.9318
15.9316
15.9314
15.9312
15.931
15.9308
15.9306
15.9305
15.9304
15.9302
15.9301
15.93
15.9299
15.9298
15.9297
15.9297
15.9296
15.9296
15.9296
15.9296
15.9296
15.9296
15.9296
15.9297
15.9297
15.9298
15.9298
15.9299
15.93
15.9301
15.9303
15.9304
15.9305
15.9307
15.9309
15.9311
15.9313
15.9315
15.9317
15.9319
15.9321
15.9324
15.9327
15.9329
15.9332
15.9335
15.9338
15.9341
15.9345
15.9348
15.9351
15.9355
15.9359
15.9362
15.9366
15.937
15.9374
15.9378
15.9383
15.9387
15.9391
15.9396
15.94
15.9405
15.941
15.9415
15.942
15.9425
15.943
15.9435
15.944
15.9445
15.9451
15.9456
15.9461
15.9467
15.9472
15.9478
15.9484
15.9489
15.9495
15.9501
15.9507
15.9513
15.9519
15.9524
15.953
15.9536
15.9542
15.9549
15.9555
15.9561
15.9567
15.9573
15.9579
15.9585
15.9592
15.9598
15.9604
15.961
15.9616
15.9622
15.9629
15.9635
15.9641
15.9647
15.9653
15.9659
15.9665
15.9671
15.9678
15.9684
15.969
15.9695
15.9701
15.9707
15.9713
15.9719
15.9725
15.973
15.9736
15.9742
15.9747
15.9753
15.9758
15.9763
15.9769
15.9774
15.9779
15.9784
15.9789
15.9794
15.9799
15.9804
15.9809
15.9813
15.9818
15.9822
15.9827
15.9831
15.9835
15.9839
15.9843
15.9847
15.9851
15.9855
15.9858
15.9862
15.9865
15.9869
15.9872
15.9875
15.9878
15.9881
15.9884
15.9886
15.9889
15.9891
15.9894
15.9896
15.9898
15.99
15.9902
15.9903
15.9905
15.9906
15.9908
15.9909
15.991
15.9911
15.9912
15.9913
15.9913
15.9914
15.9914
15.9915
15.9915
15.9915
15.9915
15.9914
15.9914
15.9913
15.9913
15.9912
15.9911
15.991
15.9909
15.9908
15.9906
15.9905
15.9903
15.9901
15.99
15.9898
15.9896
15.9893
15.9891
15.9888
15.9886
15.9883
15.988
15.9877
15.9874
15.9871
15.9868
15.9865
15.9861
15.9858
15.9854
15.985
15.9846
15.9842
15.9838
15.9834
15.983
15.9825
15.9821
15.9816
15.9812
15.9807
15.9802
15.9797
15.9792
15.9787
15.9782
15.9777
15.9772
15.9767
15.9761
15.9756
15.975
15.9744
15.9739
15.9733
15.9727
15.9722
15.9716
15.971
15.9704
15.9698
15.9692
15.9686
15.9679
15.9673
15.9667
15.9661
15.9655
15.9648
15.9642
15.9636
15.9629
15.9623
15.9617
15.961
15.9604
15.9598
15.9591
15.9585
15.9579
15.9572
15.9566
15.956
15.9553
15.9547
15.9541
15.9534
15.9528
15.9522
15.9516
15.951
15.9503
15.9497
15.9491
15.9485
15.9479
15.9473
15.9468
15.9462
15.9456
15.945
15.9445
15.9439
15.9433
15.9428
15.9423
15.9417
15.9412
15.9407
15.9402
15.9397
15.9392
15.9387
15.9382
15.9377
15.9373
15.9368
15.9364
15.936
15.9355
15.9351
15.9347
15.9343
15.9339
15.9336
15.9332
15.9328
15.9325
15.9322
15.9319
15.9315
15.9312
15.931
15.9307
15.9304
15.9302
15.9299
15.9297
15.9295
15.9293
15.9291
15.9289
15.9287
15.9286
15.9284
15.9283
15.9282
15.9281
15.928
15.9279
15.9279
15.9278
15.9278
15.9277
15.9277
15.9277
15.9277
15.9278
15.9278
15.9278
15.9279
15.928
15.9281
15.9282
15.9283
15.9284
15.9286
15.9287
15.9289
15.9291
15.9292
15.9294
15.9297
15.9299
15.9301
15.9304
15.9306
15.9309
15.9312
15.9315
15.9318
15.9321
15.9325
15.9328
15.9332
15.9335
15.9339
15.9343
15.9347
15.9351
15.9355
15.9359
15.9364
15.9368
15.9373
15.9377
15.9382
15.9387
15.9392
15.9397
15.9402
15.9407
15.9412
15.9418
15.9423
15.9428
15.9434
15.944
15.9445
15.9451
15.9457
15.9463
15.9469
15.9475
15.9481
15.9487
15.9493
15.9499
15.9505
15.9511
15.9518
15.9524
15.953
15.9537
15.9543
15.955
15.9556
15.9562
15.9569
15.9575
15.9582
15.9589
15.9595
15.9602
15.9608
15.9615
15.9621
15.9628
15.9634
15.9641
15.9647
15.9654
15.966
15.9667
15.9673
15.9679
15.9686
15.9692
15.9698
15.9705
15.9711
15.9717
15.9723
15.9729
15.9735
15.9741
15.9747
15.9753
15.9759
15.9765
15.977
15.9776
15.9781
15.9787
15.9792
15.9798
15.9803
15.9808
15.9813
15.9818
15.9823
15.9828
15.9833
15.9837
15.9842
15.9846
15.9851
15.9855
15.9859
15.9863
15.9867
15.9871
15.9875
15.9879
15.9882
15.9885
15.9889
15.9892
15.9895
15.9898
15.9901
15.9904
15.9906
15.9909
15.9911
15.9913
15.9915
15.9917
15.9919
15.9921
15.9923
15.9924
15.9925
15.9927
15.9928
15.9929
15.9929
15.993
15.9931
15.9931
15.9931
15.9932
15.9932
15.9932
15.9931
15.9931
15.993
15.993
15.9929
15.9928
15.9927
15.9926
15.9925
15.9923
15.9922
15.992
15.9918
15.9916
15.9914
15.9912
15.991
15.9907
15.9905
15.9902
15.9899
15.9896
15.9893
15.989
15.9887
15.9884
15.988
15.9876
15.9873
15.9869
15.9865
15.9861
15.9857
15.9853
15.9848
15.9844
15.9839
15.9834
15.983
15.9825
15.982
15.9815
15.981
15.9805
15.9799
15.9794
15.9789
15.9783
15.9777
15.9772
15.9766
15.976
15.9754
15.9748
15.9742
15.9736
15.973
15.9724
15.9718
15.9712
15.9705
15.9699
15.9693
15.9686
15.968
15.9673
15.9667
15.966
15.9654
15.9647
15.964
15.9634
15.9627
15.962
15.9614
15.9607
15.96
15.9594
15.9587
15.958
15.9574
15.9567
15.956
15.9554
15.9547
15.954
15.9534
15.9527
15.9521
15.9514
15.9508
15.9501
15.9495
15.9488
15.9482
15.9476
15.947
15.9464
15.9457
15.9451
15.9445
15.9439
15.9434
15.9428
15.9422
15.9416
15.9411
15.9405
15.94
15.9394
15.9389
15.9384
15.9379
15.9374
15.9369
15.9364
15.9359
15.9354
15.935
15.9345
15.9341
15.9337
15.9333
15.9328
15.9325
15.9321
15.9317
15.9313
15.931
15.9306
15.9303
15.93
15.9297
15.9294
15.9291
15.9289
15.9286
15.9284
15.9281
15.9279
15.9277
15.9275
15.9273
15.9272
15.927
15.9269
15.9268
15.9266
15.9265
15.9265
15.9264
15.9263
15.9263
15.9262
15.9262
15.9262
15.9262
15.9262
15.9263
15.9263
15.9264
15.9265
15.9266
15.9267
15.9268
15.9269
15.927
15.9272
15.9274
15.9275
15.9277
15.9279
15.9282
15.9284
15.9286
15.9289
15.9292
15.9295
15.9298
15.9301
15.9304
15.9307
15.9311
15.9314
15.9318
15.9322
15.9325
15.9329
15.9334
15.9338
15.9342
15.9347
15.9351
15.9356
15.936
15.9365
15.937
15.9375
15.938
15.9385
15.9391
15.9396
15.9402
15.9407
15.9413
15.9418
15.9424
15.943
15.9436
15.9442
15.9448
15.9454
15.946
15.9466
15.9473
15.9479
15.9485
15.9492
15.9498
15.9505
15.9511
15.9518
15.9524
15.9531
15.9538
15.9544
15.9551
15.9558
15.9565
15.9571
15.9578
15.9585
15.9592
15.9599
15.9605
15.9612
15.9619
15.9626
15.9633
15.964
15.9646
15.9653
15.966
15.9667
15.9673
15.968
15.9687
15.9693
15.97
15.9706
15.9713
15.9719
15.9726
15.9732
15.9738
15.9744
15.9751
15.9757
15.9763
15.9769
15.9775
15.9781
15.9786
15.9792
15.9798
15.9803
15.9809
15.9814
15.982
15.9825
15.983
15.9835
15.984
15.9845
15.985
15.9854
15.9859
15.9863
15.9868
15.9872
15.9876
15.988
15.9884
15.9888
15.9892
15.9895
15.9899
15.9902
15.9905
15.9909
15.9912
15.9914
15.9917
15.992
15.9922
15.9925
15.9927
15.9929
15.9931
15.9933
15.9935
15.9936
15.9938
15.9939
15.994
15.9941
15.9942
15.9943
15.9943
15.9944
15.9944
15.9944
15.9945
15.9944
15.9944
15.9944
15.9943
15.9943
15.9942
15.9941
15.994
15.9939
15.9938
15.9936
15.9935
15.9933
15.9931
15.9929
15.9927
15.9925
15.9923
15.992
15.9918
15.9915
15.9912
15.9909
15.9906
15.9903
15.9899
15.9896
15.9892
15.9889
15.9885
15.9881
15.9877
15.9873
15.9868
15.9864
15.9859
15.9855
15.985
15.9845
15.984
15.9835
15.983
15.9825
15.982
15.9815
15.9809
15.9804
15.9798
15.9792
15.9786
15.9781
15.9775
15.9769
15.9763
15.9757
15.975
15.9744
15.9738
15.9731
15.9725
15.9719
15.9712
15.9706
15.9699
15.9692
15.9686
15.9679
15.9672
15.9665
15.9659
15.9652
15.9645
15.9638
15.9631
15.9624
15.9617
15.961
15.9603
15.9597
15.959
15.9583
15.9576
15.9569
15.9562
15.9555
15.9548
15.9541
15.9535
15.9528
15.9521
15.9514
15.9508
15.9501
15.9494
15.9488
15.9481
15.9475
15.9468
15.9462
15.9456
15.9449
15.9443
15.9437
15.9431
15.9425
15.9419
15.9413
15.9407
15.9401
15.9396
15.939
15.9385
15.9379
15.9374
15.9369
15.9363
15.9358
15.9353
15.9349
15.9344
15.9339
15.9335
15.933
15.9326
15.9322
15.9318
15.9314
15.931
15.9306
15.9302
15.9299
15.9295
15.9292
15.9289
15.9286
15.9283
15.928
15.9277
15.9275
15.9272
15.927
15.9268
15.9266
15.9264
15.9262
15.9261
15.9259
15.9258
15.9257
15.9256
15.9255
15.9254
15.9253
15.9253
15.9252
15.9252
15.9252
15.9252
15.9252
15.9252
15.9253
15.9253
15.9254
15.9255
15.9256
15.9257
15.9258
15.926
15.9261
15.9263
15.9265
15.9267
15.9269
15.9271
15.9274
15.9276
15.9279
15.9281
15.9284
15.9287
15.929
15.9294
15.9297
15.9301
15.9304
15.9308
15.9312
15.9316
15.932
15.9324
15.9328
15.9333
15.9337
15.9342
15.9347
15.9351
15.9356
15.9361
15.9366
15.9372
15.9377
15.9382
15.9388
15.9393
15.9399
15.9405
15.9411
15.9416
15.9422
15.9428
15.9435
15.9441
15.9447
15.9453
15.946
15.9466
15.9473
15.9479
15.9486
15.9492
15.9499
15.9506
15.9512
15.9519
15.9526
15.9533
15.954
15.9547
15.9553
15.956
15.9567
15.9574
15.9581
15.9588
15.9595
15.9602
15.9609
15.9616
15.9623
15.963
15.9637
15.9644
15.9651
15.9658
15.9665
15.9672
15.9679
15.9685
15.9692
15.9699
15.9706
15.9712
15.9719
15.9726
15.9732
15.9739
15.9745
15.9751
15.9758
15.9764
15.977
15.9776
15.9782
15.9788
15.9794
15.98
15.9806
15.9811
15.9817
15.9822
15.9828
15.9833
15.9838
15.9843
15.9848
15.9853
15.9858
15.9863
15.9867
15.9872
15.9876
15.9881
15.9885
15.9889
15.9893
15.9897
15.99
15.9904
15.9907
15.9911
15.9914
15.9917
15.992
15.9923
15.9926
15.9928
15.9931
15.9933
15.9935
15.9937
15.9939
15.9941
15.9943
15.9944
15.9946
15.9947
15.9948
15.9949
15.995
15.9951
15.9951
15.9951
15.9952
15.9952
15.9952
15.9952
15.9951
15.9951
15.995
15.995
15.9949
15.9948
15.9947
15.9945
15.9944
15.9943
15.9941
15.9939
15.9937
15.9935
15.9933
15.993
15.9928
15.9925
15.9923
15.992
15.9917
15.9914
15.991
15.9907
15.9903
15.99
15.9896
15.9892
15.9888
15.9884
15.988
15.9876
15.9871
15.9867
15.9862
15.9857
15.9852
15.9847
15.9842
15.9837
15.9832
15.9827
15.9821
15.9816
15.981
15.9804
15.9799
15.9793
15.9787
15.9781
15.9775
15.9769
15.9762
15.9756
15.975
15.9743
15.9737
15.973
15.9724
15.9717
15.9711
15.9704
15.9697
15.969
15.9684
15.9677
15.967
15.9663
15.9656
15.9649
15.9642
15.9635
15.9628
15.9621
15.9614
15.9607
15.96
15.9593
15.9586
15.9579
15.9572
15.9565
15.9558
15.9551
15.9544
15.9537
15.953
15.9523
15.9516
15.9509
15.9503
15.9496
15.9489
15.9483
15.9476
15.9469
15.9463
15.9456
15.945
15.9444
15.9437
15.9431
15.9425
15.9419
15.9413
15.9407
15.9401
15.9395
15.939
15.9384
15.9379
15.9373
15.9368
15.9363
15.9357
15.9352
15.9347
15.9343
15.9338
15.9333
15.9329
15.9324
15.932
15.9316
15.9312
15.9308
15.9304
15.93
15.9296
15.9293
15.9289
15.9286
15.9283
15.928
15.9277
15.9274
15.9272
15.9269
15.9267
15.9265
15.9263
15.9261
15.9259
15.9257
15.9256
15.9254
15.9253
15.9252
15.9251
15.925
15.9249
15.9249
15.9248
15.9248
15.9248
15.9248
15.9248
15.9248
15.9249
15.9249
15.925
15.9251
15.9252
15.9253
15.9254
15.9255
15.9257
15.9259
15.926
15.9262
15.9264
15.9267
15.9269
15.9271
15.9274
15.9277
15.9279
15.9282
15.9286
15.9289
15.9292
15.9296
15.9299
15.9303
15.9307
15.9311
15.9315
15.9319
15.9323
15.9328
15.9332
15.9337
15.9342
15.9347
15.9351
15.9357
15.9362
15.9367
15.9372
15.9378
15.9383
15.9389
15.9394
15.94
15.9406
15.9412
15.9418
15.9424
15.943
15.9436
15.9443
15.9449
15.9455
15.9462
15.9468
15.9475
15.9481
15.9488
15.9495
15.9502
15.9508
15.9515
15.9522
15.9529
15.9536
15.9543
15.955
15.9557
15.9564
15.9571
15.9578
15.9585
15.9592
15.9599
15.9606
15.9613
15.962
15.9627
15.9634
15.9641
15.9648
15.9655
15.9662
15.9669
15.9676
15.9683
15.9689
15.9696
15.9703
15.971
15.9716
15.9723
15.973
15.9736
15.9743
15.9749
15.9755
15.9762
15.9768
15.9774
15.978
15.9786
15.9792
15.9798
15.9804
15.9809
15.9815
15.9821
15.9826
15.9831
15.9837
15.9842
15.9847
15.9852
15.9857
15.9862
15.9866
15.9871
15.9875
15.988
15.9884
15.9888
15.9892
15.9896
15.99
15.9903
15.9907
15.991
15.9914
15.9917
15.992
15.9923
15.9925
15.9928
15.9931
15.9933
15.9935
15.9937
15.9939
15.9941
15.9943
15.9944
15.9946
15.9947
15.9948
15.9949
15.995
15.9951
15.9952
15.9952
15.9952
15.9953
15.9953
15.9952
15.9952
15.9952
15.9951
15.9951
15.995
15.9949
15.9948
15.9947
15.9945
15.9944
15.9942
15.994
15.9938
15.9936
15.9934
15.9932
15.9929
15.9927
15.9924
15.9921
15.9918
15.9915
15.9912
15.9909
15.9905
15.9902
15.9898
15.9894
15.989
15.9886
15.9882
15.9878
15.9873
15.9869
15.9864
15.9859
15.9855
15.985
15.9845
15.984
15.9834
15.9829
15.9824
15.9818
15.9813
15.9807
15.9801
15.9795
15.979
15.9784
15.9778
15.9771
15.9765
15.9759
15.9753
15.9746
15.974
15.9733
15.9727
15.972
15.9714
15.9707
15.97
15.9694
15.9687
15.968
15.9673
15.9666
15.9659
15.9652
15.9645
15.9638
15.9631
15.9624
15.9617
15.961
15.9603
15.9596
15.9589
15.9582
15.9575
15.9568
15.9561
15.9555
15.9548
15.9541
15.9534
15.9527
15.952
15.9513
15.9506
15.95
15.9493
15.9486
15.948
15.9473
15.9467
15.946
15.9454
15.9448
15.9441
15.9435
15.9429
15.9423
15.9417
15.9411
15.9405
15.9399
15.9394
15.9388
15.9383
15.9377
15.9372
15.9367
15.9361
15.9356
15.9351
15.9347
15.9342
15.9337
15.9333
15.9328
15.9324
15.932
15.9316
15.9312
15.9308
15.9304
15.93
15.9297
15.9293
15.929
15.9287
15.9284
15.9281
15.9278
15.9276
15.9273
15.9271
15.9268
15.9266
15.9264
15.9262
15.9261
15.9259
15.9258
15.9256
15.9255
15.9254
15.9253
15.9252
15.9252
15.9251
15.9251
15.9251
15.9251
15.9251
15.9251
15.9251
15.9252
15.9253
15.9253
15.9254
15.9255
15.9257
15.9258
15.9259
15.9261
15.9263
15.9265
15.9267
15.9269
15.9271
15.9273
15.9276
15.9278
15.9281
15.9284
15.9287
15.929
15.9294
15.9297
15.9301
15.9304
15.9308
15.9312
15.9316
15.932
15.9324
15.9329
15.9333
15.9338
15.9342
15.9347
15.9352
15.9357
15.9362
15.9367
15.9372
15.9377
15.9383
15.9388
15.9394
15.94
15.9405
15.9411
15.9417
15.9423
15.9429
15.9435
15.9441
15.9448
15.9454
15.946
15.9467
15.9473
15.948
15.9486
15.9493
15.9499
15.9506
15.9513
15.952
15.9526
15.9533
15.954
15.9547
15.9554
15.9561
15.9568
15.9574
15.9581
15.9588
15.9595
15.9602
15.9609
15.9616
15.9623
15.963
15.9637
15.9644
15.9651
15.9657
15.9664
15.9671
15.9678
15.9685
15.9691
15.9698
15.9705
15.9711
15.9718
15.9724
15.9731
15.9737
15.9743
15.975
15.9756
15.9762
15.9768
15.9774
15.978
15.9786
15.9792
15.9797
15.9803
15.9809
15.9814
15.982
15.9825
15.983
15.9835
15.984
15.9845
15.985
15.9855
15.9859
15.9864
15.9868
15.9873
15.9877
15.9881
15.9885
15.9889
15.9892
15.9896
15.99
15.9903
15.9906
15.9909
15.9912
15.9915
15.9918
15.9921
15.9923
15.9926
15.9928
15.993
15.9932
15.9934
15.9936
15.9937
15.9939
15.994
15.9941
15.9942
15.9943
15.9944
15.9944
15.9945
15.9945
15.9945
15.9946
15.9946
15.9945
15.9945
15.9945
15.9944
15.9943
15.9942
15.9941
15.994
15.9939
15.9937
15.9936
15.9934
15.9932
15.993
15.9928
15.9926
15.9924
15.9921
15.9919
15.9916
15.9913
15.991
15.9907
15.9904
15.99
15.9897
15.9893
15.989
15.9886
15.9882
15.9878
15.9874
15.9869
15.9865
15.9861
15.9856
15.9851
15.9847
15.9842
15.9837
15.9832
15.9827
15.9821
15.9816
15.9811
15.9805
15.98
15.9794
15.9788
15.9782
15.9776
15.9771
15.9765
15.9758
15.9752
15.9746
15.974
15.9734
15.9727
15.9721
15.9714
15.9708
15.9701
15.9695
15.9688
15.9682
15.9675
15.9668
15.9661
15.9655
15.9648
15.9641
15.9634
15.9627
15.9621
15.9614
15.9607
15.96
15.9593
15.9586
15.958
15.9573
15.9566
15.9559
15.9553
15.9546
15.9539
15.9532
15.9526
15.9519
15.9512
15.9506
15.9499
15.9493
15.9486
15.948
15.9474
15.9467
15.9461
15.9455
15.9449
15.9443
15.9437
15.9431
15.9425
15.9419
15.9414
15.9408
15.9402
15.9397
15.9392
15.9386
15.9381
15.9376
15.9371
15.9366
15.9361
15.9356
15.9352
15.9347
15.9343
15.9338
15.9334
15.933
15.9326
15.9322
15.9318
15.9315
15.9311
15.9308
15.9304
15.9301
15.9298
15.9295
15.9292
15.9289
15.9287
15.9284
15.9282
15.928
15.9278
15.9276
15.9274
15.9272
15.927
15.9269
15.9268
15.9267
15.9265
15.9265
15.9264
15.9263
15.9263
15.9262
15.9262
15.9262
15.9262
15.9262
15.9262
15.9263
15.9263
15.9264
15.9265
15.9266
15.9267
15.9268
15.927
15.9271
15.9273
15.9275
15.9276
15.9278
15.9281
15.9283
15.9285
15.9288
15.929
15.9293
15.9296
15.9299
15.9302
15.9306
15.9309
15.9312
15.9316
15.932
15.9324
15.9327
15.9332
15.9336
15.934
15.9344
15.9349
15.9353
15.9358
15.9363
15.9368
15.9372
15.9377
15.9383
15.9388
15.9393
15.9398
15.9404
15.9409
15.9415
15.9421
15.9426
15.9432
15.9438
15.9444
15.945
15.9456
15.9462
15.9468
15.9474
15.9481
15.9487
15.9493
15.95
15.9506
15.9513
15.9519
15.9526
15.9532
15.9539
15.9545
15.9552
15.9559
15.9565
15.9572
15.9578
15.9585
15.9592
15.9599
15.9605
15.9612
15.9619
15.9625
15.9632
15.9638
15.9645
15.9652
15.9658
15.9665
15.9671
15.9678
15.9684
15.9691
15.9697
15.9703
15.971
15.9716
15.9722
15.9728
15.9734
15.974
15.9746
15.9752
15.9758
15.9764
15.977
15.9775
15.9781
15.9787
15.9792
15.9797
15.9803
15.9808
15.9813
15.9818
15.9823
15.9828
15.9832
15.9837
15.9842
15.9846
15.9851
15.9855
15.9859
15.9863
15.9867
15.9871
15.9875
15.9878
15.9882
15.9885
15.9888
15.9892
15.9895
15.9898
15.99
15.9903
15.9906
15.9908
15.991
15.9913
15.9915
15.9917
15.9918
15.992
15.9922
15.9923
15.9924
15.9926
15.9927
15.9927
15.9928
15.9929
15.9929
15.993
15.993
15.993
15.993
15.993
15.993
15.9929
15.9929
15.9928
15.9927
15.9926
15.9925
15.9924
15.9923
15.9921
15.992
15.9918
15.9916
15.9914
15.9912
15.991
15.9908
15.9905
15.9903
15.99
15.9897
15.9894
15.9891
15.9888
15.9885
15.9881
15.9878
15.9874
15.9871
15.9867
15.9863
15.9859
15.9855
15.9851
15.9846
15.9842
15.9837
15.9833
15.9828
15.9823
15.9818
15.9813
15.9808
15.9803
15.9798
15.9793
15.9787
15.9782
15.9777
15.9771
15.9765
15.976
15.9754
15.9748
15.9742
15.9736
15.973
15.9724
15.9718
15.9712
15.9706
15.97
15.9693
15.9687
15.9681
15.9675
15.9668
15.9662
15.9655
15.9649
15.9643
15.9636
15.963
15.9623
15.9617
15.961
15.9604
15.9597
15.9591
15.9584
15.9578
15.9571
15.9565
15.9559
15.9552
15.9546
15.9539
15.9533
15.9527
15.9521
15.9514
15.9508
15.9502
15.9496
15.949
15.9484
15.9478
15.9472
15.9466
15.946
15.9454
15.9449
15.9443
15.9438
15.9432
15.9427
15.9421
15.9416
15.9411
15.9406
15.9401
